80                                               

0.128570484203656739876886586095e1 0.131518310281603884542555226737e1
-0.482475234743063149456905280779e0 -0.940308521118594435632870025207e0
0.106160893242780112830136322493e2 0.245459465684438713669977088471e1
-0.238871763675067407665028909940e-1 0.179600002600665451791180388598e1
0.499772810977977140525088868510e1 -0.208983734454369065517303071456e1
0.720552582774737797254446624295e1 -0.319854625016882030359189424997e0
0.184004337298486995116369219115e1 0.116891985235310962391218936510e1
0.137853465121170030519683171312e1 0.615068293341945743067963783239e0
0.253818013110881963619798187432e1 0.963443799057436779196916447659e0
0.430380903612738967308549292827e1 0.664106560131431678623001184802e0
-0.228322972476851679587530928663e-3 -0.596350877871279887968148566590e-3
-0.289845664573347054836144751911e-1 0.938276023111601611415637998333e-1

-0.598295035482426630432429428779e0 0.251219179378479402325520582567e0
0.263866278325554347207433145137e0 -0.252531649481495970790283403930e1
0.764265110332096205100438610005e1 0.101924377734411071150833077010e1
0.343095848640407524721950050700e1 0.227984591445175134590325338292e1
0.350524987701540274571251945269e1 0.125809607303308185752829752001e1
0.309544776493805811428513144548e1 -0.102766767910261491498968667807e0
0.406000796287490512281338884098e1 0.969346772830112076023789335122e0
0.155358552811829661113844249363e1 0.787845804961389591602561906780e0
0.690902444470582693108418201087e1 0.561021001651722662125788605549e0
0.289566918685205869605146892651e1 0.165465231472929503431898463677e1
0.311460405125981102584800752128e-1 -0.224763663367559449302246362288e-1
0.360109874648417418579469147472e-1 0.687161646529923319568981329663e-1

0.580721644031812951094e0 0.658354735572923650084e0
0.164591494599538145608e1 -0.333041144083215318646e0
0.106895802791084160079e2 0.216919149356825827972e1
0.130886944709633113652e1 0.245793836224757694013e1
0.337609884366894166200e1 -0.455218417690095189087e0
0.364757585748796790627e1 0.556168786100428322837e0
0.177476341310749915960e1 0.889007357226453545109e0
0.172974265729677831858e1 -0.775276775077520832063e0
0.457583998584788931817e1 0.673682398205124200494e0
0.293433307878423139947e1 -0.274574056973421718061e0
-0.137976783234922446584e-1 0.264640334825603589668e-2
-0.662814281073704575242e-2 0.654531849809818627254e-1

-0.317952362709473280739e1 0.232811975800972356513e1
-0.187501509890503881804e1 -0.544231946792233698459e1
0.132194078209140269426e2 0.221137263937242739250e1
0.829390745796344001570e-1 0.549701400080872606231e1
0.448400072366344149390e1 0.394949161134479413368e1
0.103575092878174167699e1 0.222990017757733606204e1
0.165950007210148759666e1 -0.583288225073095128407e1
0.355414962241179288377e1 0.676846508193838789771e0
0.682794291243729206935e1 -0.117413742074850154396e1
0.866849792124693508538e1 -0.403117393831317978158e1
-0.217765290741195079041e-3 -0.266610045553423482469e-3
-0.985603935550428371173e-1 0.169543937877744354699e-1

0.302171274068779068909747061980e1 -0.782281604851943052976516280931e0
0.125090795451534320185640836883e1 -0.868123673371638031341916484277e0
0.996581211661457208432207584757e1 0.170494142773785865355962488448e1
-0.187913906548803843187247908423e0 0.220963042929878573614912229504e1
0.241688036079860090249123540878e1 -0.182796556703914117631346033350e1
0.473704285705795475377497190886e1 0.152082314357358309783245452345e1
-0.653181959486128911812550307005e0 0.218657258645558083430503995803e1
0.369763487097454921670494904631e1 -0.329264088840491007302142329592e1
0.439025051309859810228273804296e1 0.508825952480281457268577056282e1
0.356194043708832331516004055448e0 0.108704526695660721878683839981e1
0.459861892924589931027454912877e-3 -0.140011086831538319113148731837e-2
-0.576313730902360015965522691031e-1 -0.393727116924682791677340845909e-1

0.374443617149212461961839990520e1 0.167413890148997597650267569472e1
0.349344729093822495860131879910e0 -0.431597335513588097587798462423e0
0.366525193640589232846474621044e1 0.188765305680675757377272048920e1
0.180533234934544364760756004218e1 -0.954550961630814585004346296579e-1
0.507468051510093862291697717614e1 -0.348446687448450584821294565228e1
0.787643515462651179714509389245e1 0.789833161366438335808001715205e0
0.288435115458570250201192704910e1 0.151269023488055245940108788638e1
0.218046379359967946473684461817e1 0.346395015010855706921802262861e0
0.373017692255988193882078200488e1 0.266937684992867580432717281127e1
-0.937382917318911475091465519009e0 0.660187011600157719234993930081e0
-0.180719484992290660852181296804e-2 -0.144803129185124543391752209737e-1
-0.129869329980443770828084576918e0 -0.229687485284156914950334844495e-1

0.534649533358663889694439003791e0 0.163410910573610085419285068921e1
-0.118610882764719502413008829482e1 -0.194908954986448794419434614251e1
0.649567542623569540142464198031e1 0.156876318718470632769121264637e1
0.208258234553662130141578924885e1 0.129807937666180396665972398370e1
0.417688520530975237069957070584e1 -0.282565581397431948799188683445e1
0.740865921928764300677489226438e1 -0.252123641778905929894516086475e0
0.359435683060952556301474007258e1 0.206420777918860650532210475301e1
0.834484479543556800516001591308e0 0.112645315907572869213391393668e1
0.651370197043053212527485821072e1 0.180917636202526623264418627613e1
0.186580590918871411314919741890e1 0.184836652846399665545798962421e1
-0.107467884696900028689692987394e-1 -0.713439635909081346316736958785e-2
0.153505982446260539352905971776e-1 0.480036573370376864254199222480e-1

0.201724471086872244544e1 -0.754785603758838193544e0
-0.101454582042742689173e1 -0.194875944307164865202e1
0.944418450246423408535e1 0.176906008596792795463e1
0.258728384662732641391e1 0.317213524795466506913e1
0.530297283830123573683e1 -0.552703830604492024701e0
0.668138958773756649933e1 -0.146654088093641973161e1
-0.316094762097865955076e0 0.293478258676097062329e1
0.458251923857136979720e0 -0.466475240620977169188e0
0.444898321960394420435e1 0.213201353357220687451e1
0.147698658690584116906e1 0.328843492243735747906e1
-0.426376864362510710298e-5 0.136829493105262448356e-2
-0.402447860516699702668e-1 0.405210852803171431124e-1

0.105483866134995486256597837933e1 0.854433537380872180019722128248e0
-0.494957066436806188460358120252e0 -0.939838373252493128667804324868e0
0.105536099352642705767524124185e2 0.274149864537879869707363875323e1
0.520186388706618055970678744814e0 0.239922040348422777670006797476e1
0.252303148543639863977891047159e1 -0.146795947753678178812422114256e0
0.471144889158723575093281407605e1 -0.325626111280265827870759130124e-1
0.190404375485680354041345741525e1 0.423864346570219360922690885283e0
0.283867471483898405170466315526e1 -0.259075354088756993215116684741e0
0.492213856378032363281616860839e1 0.131530396865859074251919672166e0
0.377176143466820036611389708366e1 0.686486893583491303297796791233e0
0.684135712523145443731716386533e-2 0.170014901331998552666305879032e-1
-0.752763392504598319868185770672e-1 0.380704525058193520024744055267e-1

0.363744006191772585154400567610e1 0.126077765610820729733463728493e1
-0.139332876873334832239764505643e1 0.486213108853047737498564474254e0
0.408289055487933981227106692370e1 0.965441540110284030960104266928e0
0.332842166724168337893160271343e1 0.373982727221941565227106115073e1
0.518728760643604532788569917121e1 0.254837140958136884998871990889e1
0.873052924284379487463726451063e1 -0.509841589384767762602325562586e0
0.266965603997222127658534550470e1 -0.149063049491094463774826352937e0
0.187752261484882379381884680346e1 -0.752498042524303781161346982888e0
0.343407552074910560700837861890e1 -0.143619132377895901780203812488e1
-0.131114068563963432144910277069e1 -0.106106179931030753049383546322e1
0.566014701436506209051080669237e-3 0.591067937116277681710134326283e-2
0.139374608447658540764598837325e-1 -0.274889272062483083398454713148e0

0.237581434274435010262e1 0.319270263550632509746e0
0.217601530438132779533e1 0.816095518118877685657e0
0.109932121798434568865e2 0.254467884292915280794e1
-0.124276706602829377791e1 0.147522531465809136485e1
0.453987013799578042810e1 -0.290924489504182948131e1
0.811735251952977644903e1 0.169396640326490852601e0
0.243489421813532915450e1 0.202007129220032252475e1
0.158534379518047073478e1 -0.346637249049975907571e0
-0.308921829695679635644e0 0.191085354239503450941e1
0.282697733258640289291e1 -0.587991405164210987331e0
-0.212278672010854660838e-2 0.943194984920414804495e-3
-0.615191445875418167816e-1 0.496880854201804509828e-1

0.239888725076138294807e0 0.150687340456323224413e0
0.110484587891181980542e1 -0.551287687271754726134e0
0.105240271197451851753e2 0.215126748737563438575e1
0.113726982368213525129e1 0.179661151142878572026e1
0.399214123969276865503e1 -0.169620229581190900799e1
0.374901800750778686072e1 0.986842063750674144506e0
0.189598481369725654412e1 0.179393709899147469830e1
0.195681870269248631491e1 -0.432861657236807568280e0
0.447045137705399399462e1 0.163259033634604588112e1
0.352782620232884598318e1 -0.168456907015907554430e0
-0.335784505789875472949e-2 0.426962520965631035456e-2
-0.363854996853314498116e-2 0.485466877564954764016e-1

-0.877072147915003249750e0 0.210937018911836265077e-1
0.417677862168438937822e0 -0.188711246275648577729e1
0.720612057360749673224e1 0.149856818673724570740e0
0.511784249602855551269e1 0.148927555358852510017e1
0.661152098080359153665e1 -0.385580491704310024474e0
0.501861360261296805515e1 0.100570124881371654357e0
0.329582079977066903852e1 0.178883964456275678300e1
0.216743131252152485488e1 0.963589417449838084209e0
0.269501879201302612797e1 0.246496117192763663692e1
-0.851555587785537745644e0 0.829035944863498746259e0
0.482512451501743628419e-2 0.359952266981803991396e-3
-0.174776673925167869031e0 -0.125697374517683080073e0

0.681433014960891880312649771543e1 0.156806291276174117324076727997e1
-0.580845210541747037305784785965e-1 0.532654924160577646119992345258e1
0.999167283553055510438450695852e1 0.438166328373888338390300370144e1
-0.304964005296562191600861105937e1 0.115904715593341624176177301264e1
0.588539552753702468219177546282e1 -0.684587431656307061076826334626e1
0.115242835105023011106669937237e2 0.200835186936178314156702256855e1
-0.285192734913784510710815303086e1 0.271444035729248227911419619054e1
0.289955177771495424199587240302e1 -0.358904969908329634852286602850e1
-0.172773270155093356727644496736e1 0.210776642995293902173935532105e1
0.427642834597208139295502323208e-1 -0.382778624610232774131989582199e1
0.915169035420972861723279994194e-3 -0.358287973362490957333793095790e-3
-0.227084912447214568503463361619e0 -0.163080279382955318950965570989e0

0.273896282687223010918190115001e1 -0.129198458311643795589180281768e1
-0.130626371237840204976691536181e1 -0.122086943934449442614472716948e1
0.711103129458496838347616546282e1 0.151335413550403717874705604340e1
-0.109102164970854385522154011649e1 0.226740375482125656455461314272e1
0.207084362285289048118152821485e1 -0.757800488908588023207479350028e0
0.629439338639740421003958451036e1 0.261076967240127118578438037382e1
0.209607744077033331855867912066e1 0.182825713091415803862070587937e1
0.501583596573989683914102048496e1 -0.277315869342098052380972504402e1
0.543949392175250806356097892348e1 0.414101606192952817878728078698e1
0.193711177194596869725866320252e1 -0.261561083579001070563964082595e0
0.126568355548684151696321199322e-2 -0.112346057620280636638746619749e-2
-0.674791010338697146476263483475e-1 -0.106000820900123031617625819025e0

0.390968143274277755777621258318e1 0.804693805542245824945042344970e0
0.152477717411142158399886936147e1 0.199202023012801834620725858897e1
0.953976980350226234273121044641e1 0.313618768638469799494349185232e1
-0.747927453710794200490554828913e0 0.887792125493623735308805999605e0
0.163244800962641651529397617477e1 -0.983050574889613233448322272328e0
0.387398141201779580014745814361e1 -0.332339085904154214466781068919e0
0.251011911516668386609089612002e1 0.232237664011510569903145068145e1
0.150480514565840948489235568251e1 -0.526323729642788095888359700856e0
0.473026526469341636309487744745e1 -0.121577750730964979289049049918e1
0.594538157764059291581284888814e1 0.124264014861900303200981581687e1
0.200298972285091505677716286184e-2 0.363264165118276575722142340214e-2
-0.356046349829585791812139516657e-1 0.117127002387257854425383261992e0

0.573217808096626900323591291825e1 -0.330203729133803364003890384992e1
-0.300069172479602736516795237863e0 -0.658047015044549426479556317454e1
-0.120127459378902793528898144693e2 0.232660177852834989490539018843e1
0.220297391909190110264233674984e1 0.218770903338239733772102405422e2
-0.998358865681785195764378837289e0 0.214930214788257967317781945232e2
0.272092512595050963126302016051e2 0.617228920991914693454160403023e1
0.106105007474860092407493943601e2 -0.789917910664363596357516729904e1
-0.803299456601946824949044632044e1 -0.694892148490262927745393231348e1
0.169641432309758122379822950300e2 -0.142786680409376508895541486389e2
-0.147757730418673095351980713310e2 -0.129602404183467384988884456852e2
-0.266382623579377755224611280949e-3 -0.959329395195673969028336112623e-3
0.277436801330033765326824771583e0 -0.919769969785911612832745427539e0

0.305119252935754746514113128025e1 0.141772378232763354247694121450e1
-0.240543608694730856351447599527e1 -0.502937353368057887982025235758e0
0.202947768389387735021524126816e1 0.955654412209906615151897109110e0
0.247034714819503578501086140392e1 -0.551246397402893260365067114262e0
0.629402693321548825881853690098e1 -0.331301631727371721477395346060e0
0.640619136124422248097697080019e1 -0.290839812286477718733931297012e0
0.566771048259449636625725992540e1 -0.271035874149024514811595564826e-1
0.445774356523761647413966904205e1 0.229078017280749494954558645343e1
0.234361404749766015485690236874e1 0.990415933123722503982968683247e0
0.275099073288646038493389721521e1 0.309044477543104919187232372263e0
0.129685669700333034296600563943e-1 -0.697470876193040281523623206795e-2
-0.365371148532475800486286116376e0 -0.105326891273176945013806326135e0

-0.219781418768003535468061566730e0 -0.161084259346212602042809732531e1
0.244363432260996936590951325898e1 -0.197552579083146575286534961828e1
0.111643612567285344876715075934e2 0.872667137173071486695279245553e0
0.273708807226870959469571949770e1 0.395367726237149893199206734415e1
0.513969678388594728526447118541e1 -0.170156063239759806078491699652e1
0.584004696610909264367670794721e1 0.358096955545489296732005631252e-1
0.787531684191035139473171517820e0 0.375736318240777754665011340830e1
-0.665702911991477980983224969954e0 -0.656460663843268937341056394542e0
0.387444597109913803169747769552e1 0.341767955667208154640463596021e1
0.262709795300581524764452244063e0 0.472966183803706535799161356053e0
-0.253876025460078160905891284877e-2 -0.784042439896336893065876913279e-3
-0.385779600568343890902516531437e-1 0.409867618674160873250039160937e-1

0.116214083223161823169425151212e0 0.762474080885530267298075312121e1
0.862104443267040519703630973768e1 0.212115433994031402613672790976e1
0.200559706852813398617692634527e2 0.200202902329496565900632906697e1
0.139104505517826041288202836095e1 -0.104732828228816960793389707475e2
0.173711209757108308277108157771e1 -0.102609043420270949153923067695e2
-0.522773100243471233879922196421e1 0.273087544925955983468952507661e1
-0.675041188324174323181735798176e-1 0.362385380958319637413291580587e1
0.566560234101662952983990566039e1 0.313766779891065019994896992321e1
-0.384651492063159403427070447873e1 0.212177696003159541340117788629e1
0.357705436786135979977748820635e1 0.585551996823976550357055375722e1
0.272794852043024907972739556359e-2 0.703633849860832581013421171526e-2
-0.502837710059856568783217032686e0 -0.182833919403706455030585529916e0

0.597920788778367894625051002962e-1 0.142405070398146117197066574945e0
0.480090503641839474297057447475e0 0.133329583826426056528523616013e0
0.597347950891833401715293896821e1 0.227030847539172598594709457117e1
0.292082025275810768210995440240e1 0.150318273768699153057622257676e1
0.483353262069758338059744524433e1 -0.243752432904007624657351370130e1
0.727647112230758011013728151676e1 0.653068110972805076264033963726e0
0.393248530855071660877953761052e1 0.200714923861469135361323411770e1
0.179721791534719958253485531227e1 -0.388297380277075579712207906661e0
0.453102048149942926820996413380e1 0.202376881836470775059536229880e1
-0.114251732904276489106414911060e1 -0.384913605136442053061779402784e0
0.290354835701347905912689798067e-2 -0.160267307680122007616904242953e-2
-0.139106035598170979513231465772e0 -0.136278840042914143601013831090e0

0.212131469071931916554848916276e1 0.135646416667165964818100044597e1
-0.103975327230261329974862133124e1 -0.332717758378101758468144567101e0
0.114414657442225387922711706270e2 0.237104974029972771418050141032e1
0.754098773727913656319343431174e0 0.171485712740391309891809208998e1
0.419161940172283548665981887876e1 -0.111107877685362199545130674111e1
0.680629010159835576378241075082e1 -0.691924425197525828674906057778e0
0.745121573885684392058890556112e0 0.231513240093724596503969705668e0
0.443175948531242757741942959639e1 0.446560236633502436291700926574e0
-0.993984340662538379806441757071e-1 0.851342592922960007336577553620e0
0.148176614355586449280406430670e1 0.269116348008147359500268086372e0
0.523392051104914941067001857463e-3 0.765336650753439538317123906126e-3
-0.108537501477349123507226494265e0 -0.131001525563255567164470270802e0

0.124512980470526483535819964860e2 0.877209187048084391251237788654e1
0.943794370612693733146260966896e1 -0.103018992735469587916752289200e2
0.155831720849914033181295496708e2 -0.510209511629729390860305650500e1
-0.689313933519897922777068023730e1 -0.571748970072178322582075526932e1
-0.431832122295178578159248362506e1 0.579564485394949126519601957116e0
0.537851570967843158723409578554e1 0.586133241789068939534736633362e1
0.585364531873171922284752580056e0 0.844339135364716447031112238384e0
0.351815350632116340523604255738e1 0.399532702396527441050287446718e1
-0.581243873058304533812231550626e1 0.958201408750007053567908778138e0
0.364705964756866726000094932488e1 0.964648077882332746128878096588e1
-0.122107470784764774723613411660e-2 0.210391500522487122856995814498e-2
-0.776759574513475438634523070279e0 0.974683901308001265389695949881e-3

0.164868204535304719828843978437e1 0.165627323332276949687070842335e1
-0.105331012407835928360205558630e1 -0.125393683417333906728595444053e1
0.623294062889228126438905677995e1 0.985489638940716085458889481598e0
0.234957388401031946064456193655e1 0.167043618710283984076983407168e1
0.431252735678485534085946180205e1 -0.103551312083488775497838109307e1
0.653027358486218335030625068041e1 -0.478296392317228824259732077129e0
0.295030646385416080490294182755e1 0.173972342578551596458033906657e1
0.940908362980789242804990498017e0 0.342297095895753310710359619399e0
0.618551859880670547034181820782e1 0.112480264133067544673311450032e1
0.217308679780506170458837739895e1 0.195683532159238868400547831637e1
-0.328704141838458937537351698340e-1 0.171022376835684088179837187265e-1
0.472688000007885245988673229038e-1 0.966289533254960818114047848038e-1

0.375390170267025444319404012505e1 0.314366720192476867579142446714e1
-0.232876454970643387082597121809e1 0.143991015825881317032535937817e1
0.103320374179792471617881154318e2 0.296016533686081091648539169998e1
-0.196149056764364853161955776429e1 0.103286944604122911110923009020e1
0.372159577027840184644202803689e1 -0.599131519162443651541187259422e0
0.812834680972922824759742909482e1 -0.101172178578073907428775006885e1
0.288886855787445196082926683014e1 -0.144379944949532288180445297584e1
0.500863894417466957896492629769e1 0.132433227943745918003726051697e1
-0.104545063317424056373198078143e1 -0.187208942078024250089902069173e1
0.565874629983207698213459079333e1 -0.126759263680349317443284103747e1
0.140527117340613958419618234332e-2 -0.678515713726263610570310954600e-3
0.407936363006453439914764414176e-1 -0.105326852445265214453242433208e0

0.566600890531873998680653240896e1 0.119304805228028436015260137742e1
-0.905888881826350882425345189157e0 0.706833226036602290624613020465e0
0.565552807057327427812572935897e1 0.453668446552420179488724034278e1
-0.268302249448884732882897127734e1 -0.617679644585292671912764403755e-1
-0.366397357935146710505750316239e0 -0.152640595256341076159035002755e1
0.642574787652911373806999095978e1 -0.350537660877280625140888180583e1
0.620122502244416118609242299021e1 -0.349060350545058909583279764625e0
0.446189713384433703056529334633e1 0.244045347016269461552927330925e1
0.414975469352094240578294889755e1 -0.290330734354086805771441246321e0
0.665231812188879369342852724658e1 0.249545753819456221365192063644e1
-0.392401364578374514709995427781e-2 0.184705460460127609160409537527e-4
-0.233183998769334145272820280456e0 0.970992344537596490486971016248e-1

0.331458968379114776484692046100e1 0.334830710479225528384192765915e1
-0.281757522499148926449115762680e1 0.357471826312088145102048380378e0
0.258302295391575628004360317063e1 0.929515889744304297938909467195e0
0.229975901726589832520723469113e1 -0.154936497426026344730405399812e1
0.597397670099723121703017041558e1 -0.131437161547878834029430006359e1
0.568360155224034810245237290647e1 0.126400230107967123779110662429e1
0.366150288866824911630679486682e1 -0.418696886499453704988339327028e0
0.527123925403897391234058594773e1 0.540949890982190963321588113424e0
0.337220034946881034234311772004e1 0.124859665169207188772015459351e1
0.184837052140755554259554367465e1 0.400029425762128580007391639790e0
0.409004067261328785883778487395e-1 -0.101991687630495015889722388955e-1
-0.188340078952451528346401548758e0 -0.907538760144643801413876443429e-1

0.288377536297903155613677729943e1 0.212713948553320942061451130711e1
0.158981876335245935650247563143e1 -0.140647978163356924831814327773e1
0.122167179924898902203970206554e2 0.188111073843566831977806286501e1
-0.164190281509398108234770708630e0 -0.685184886482164751011579869228e0
0.518222520650805461366289614492e1 -0.251462995255318809482230427040e1
0.730146986597202694828348742401e1 0.628519035097196495158260862416e0
0.933541362402547068007763291457e0 0.152302689371030152386193560320e1
0.263981381886215668589996926220e1 0.120511001554211760388472878010e1
-0.226893326278249916018847324205e1 0.133493201613743204392965685593e1
0.214259710424596701103416625555e1 0.241659196063195961532455625421e1
0.633670508878522653249444768473e-3 0.135890120310414462383576970809e-2
-0.211587120864331142128159135087e0 0.152193574047095478047659462046e-1

0.369242732892778917555441904435e1 0.131410030602680730676418340526e1
0.165917547973538982205861862217e1 0.508691969924800865430748657893e0
0.346065627280180600889182004370e1 0.114120732168712195151542987191e1
0.173364019937489097367704660086e1 0.460362086232409336357299563592e0
0.598451670823373163321511715937e1 -0.116341122788573542183848061850e1
0.639519947932512217172708831528e1 -0.266694475800108489954842763917e0
0.465214023980392543749799676854e1 0.152434558516273441156139390275e1
0.187453366785707555619952146612e-1 0.732582175557575858054412912813e0
0.372980911596511766860307387502e1 0.878123383861249506144177868720e0
0.295271494302693673066652550524e1 0.529433905757395490349085053882e0
-0.321581718766025547923452785575e-1 -0.292803469655473249314513000198e-1
-0.454881528028668833037266537065e-1 0.917607453146156418863461627515e-1

-0.862746520430666526660436507171e0 0.403231943234302044242110872188e0
-0.582978385833175958591679044247e0 -0.235144518372535563436191768082e1
0.447660604253433007568228111689e1 0.212578068351163993388891401858e1
0.155387344083025939357842175206e1 -0.329246207117794969295974975953e0
0.484871776418059611908191670739e1 -0.343969447961064362010602958334e1
0.830554400291459509944846944231e1 0.214839001092480518999624260406e0
0.754599969732709019376690604012e1 0.264008469135123496960835345706e1
0.719427493226731161394983609753e0 0.252581842099726548888252641904e1
0.571491868299417086440962252695e1 0.215830371576150976862318234819e1
0.317070731824344754489089705652e1 0.216593294873661834521226302624e1
-0.245227118052042712122165238201e-2 0.135010355497323735816419313965e-2
-0.837370107846644239092546642315e-1 0.831193799808104911634729205744e-1

0.183556652174998094124318161488e1 -0.342667139165743828586670730002e1
0.579874759882004347657474831067e1 0.155282653938352026005029197367e0
0.122618915567109312963104632450e2 0.303341679895770975872447474834e1
0.835189519325777734125466530080e-2 0.349996418804964239407681961817e1
0.122017870016155204078137964022e1 0.160277721114890565471772725909e1
0.168312569952276053308938060515e1 -0.110056814329594197719710851044e1
0.426912367503849836290844665936e1 0.119004601734514643231402205972e1
0.261632335432658215826390310114e1 0.644461285100843164490907630430e0
0.667260665684782195398013590052e0 0.381086061737920657089100624782e0
0.391774581984855315216860818169e1 -0.159444500193750662160709920201e1
-0.127019314042374888400468486248e-1 0.262259205493204525602807873661e-3
-0.128506164073806059379574178976e0 0.301878322756786474777336757786e-1

-0.174894506335365560617e1 0.179424444384602759981e1
0.150201795866310851139e1 0.221322528053944203781e1
0.115561273800419956718e2 0.577211655218921310898e0
0.363208556059727438237e1 0.406943757954579979699e1
0.690738373925191454384e1 0.881139591989793272749e0
0.656468251645708566729e1 -0.249697570658675938775e1
0.332796090458361419791e1 0.439757144658463099791e0
-0.393736987941366809297e0 -0.268339772407520776436e0
0.628035491681349882409e0 -0.855739188363985188251e0
0.196865139673100496959e1 -0.174893605985247794403e1
0.135888828356463821315e-2 -0.861919344193952637459e-3
0.108964547732145883523e0 -0.918608590796571280779e-1

0.702142962226209015572469224186e0 -0.888527275669919934417938169297e0
-0.139911924829766374472336878542e1 -0.281171766509430550685336488316e0
0.412584329714857254698340920932e1 0.256006331605278787975314303069e1
0.102155320843115269623564301391e1 -0.652772892007647947036334812153e-1
0.660363503284185273151859561982e1 -0.778049748772792443568857883197e-1
0.450152163508313886533184982182e1 0.239967491149172506574132533852e1
0.533309747417381058263084235956e1 0.114847555431177064226663526906e1
0.300287196543316126586559286299e1 -0.230438529851307858762568709180e0
0.503733816194615819211975645716e1 0.106827024002040699791850686531e1
0.598934520530158984186839680957e1 -0.238381500267095504813169122995e0
0.225424235610935837918003776324e-2 0.496383373335758825081897830159e-2
-0.114352293092646676367982105449e-1 0.239304973458805216149040110787e0

0.502842311557133139906618240684e1 0.119595251998366519066330929757e1
0.322350357239348124432502600816e1 -0.355718923992723429365665169892e0
0.321648502775325950661885870363e1 0.955598800770414550251381706434e0
0.380586647448837490372724626861e0 0.463321240909294803496233023664e0
0.251204059349760914621274890992e1 -0.804035523426204107693724444161e-1
0.635149774463769537891064970678e1 0.101835382940454452865185365718e1
0.573058572346113673250339988428e1 0.416244029969443497957215648297e0
0.237016540147655331307263658997e1 0.526603599479965561385407676904e0
0.304763984083998552352991697027e1 0.958935694920458914850831257277e0
0.684281233864866321135445292265e0 -0.337045514726859538656594289132e0
0.161016321600316694324316012636e-1 0.385320840381918076763439949504e-1
-0.430294201706625492652681797945e0 -0.113438640551740397378180367946e0

0.117357605982976140491713556335e1 0.438393318747103769048506897863e1
-0.312896140798926210900686117037e1 -0.331944907427934204738299317255e0
0.971901817902078720149428146111e1 0.521037274824181321508325352130e0
-0.926656400511489656144926862642e-1 -0.155887421096219822627961067011e0
0.743107317241956097076138015594e1 -0.722355054142311339801536112936e0
0.514640687952302492543256166305e1 0.413611193546833860785517868207e1
0.406432503752962113037601608751e0 -0.689517807603944262842891610434e0
0.397962400169835486965764422783e1 -0.106444424654305429515760119989e1
0.230713506845769442429963782444e1 -0.971411436530956865201629980780e-1
0.641914392617142294378291684921e1 -0.152598253247683714482551067848e1
-0.133873921179872440375838340537e-2 -0.556714016445212613187909132192e-3
0.234975760164959207039765996126e-1 0.186915793246108547611024604415e0

0.147613881456700895525987596312e1 -0.141269205809781490635299816912e0
0.523652083865735882050459596562e0 -0.420712970444018051663120146527e0
0.113256708785481472392768950556e2 0.216401013222641885817038448816e1
0.100543503735710390967066704708e1 0.395980337257855366027241372192e1
0.353889884861283802561036976425e1 -0.115277548833635676583046974770e1
0.689577750803626424866792495381e1 -0.947100749599483436715808959993e0
0.171655789267052234247862266747e0 0.196939895059935419855459422014e1
0.108539515804734144672231763460e1 -0.149075765781751431967482702150e1
0.383267886998620467020995773381e1 0.200020246720847284121231171185e1
0.103166372550736692312974072640e1 0.608058248298518363397819261671e0
-0.335651934431650381208207215819e-2 0.186324944449364351795858661135e-2
-0.123720497802280183855367543916e0 0.624547813584120825835523331374e-1

0.798418288286853285782530975868e1 0.240311416275625213409066002312e1
-0.973852366927617878947040251315e0 0.518099536248847061770917376793e1
0.104423895775086196601581852119e2 0.404510802174256301215212152711e1
-0.186342132110058376797304139372e1 0.217045544396034936063841473953e1
-0.206482234193373360803657421409e1 0.233193022928012680136347122290e1
0.206947534780846184245294112338e1 -0.561802077736350763275738859921e1
0.152063070090755528352858355980e1 -0.313825879883087172983704547310e1
0.847036295601622295010942420692e1 -0.122838312895388979699728129059e0
0.682317830525806110365300869550e0 -0.262570590765105065480196103288e1
0.554095066544527065452878673790e1 -0.269516090827314744880631944294e0
-0.141897830827707128978775048955e-2 0.114002989408929776483080429172e-2
-0.473442645492144660357706807928e-1 -0.259734233093213019829198395921e0

0.177162663382822409467458025319e0 0.251313469461795575130563417025e1
0.785987996835004207325808009824e0 -0.113208598538648294276834835695e1
0.853840635785502582505640804996e1 0.291267252602890855357370536028e1
0.175959985430676508946601187703e1 0.408622807536270177890710161870e0
0.303555398580648258981672857179e1 -0.252793003414294582594418961934e1
0.536691297512993494890485754134e1 0.182282853319481594798380626224e1
0.509143045544806975120604892738e0 0.123176610220138182497651788032e1
0.125108172448898296409694909459e1 -0.328947403784113080889816866735e1
0.825933859134388680502732853922e1 0.292755388811969219753890355160e1
-0.579575961350398927195394976860e0 0.388974196016150434595880791460e1
0.288561469452700642799524611212e-2 0.172384174838221868271076318740e-3
-0.600500348280969668222607514454e-1 -0.194936463247960542498873660647e-1

0.301622202230230010286196880916e1 -0.171547388171171188943792910165e1
0.521433481981451910300534336818e1 0.509958484735449498991382767519e0
0.115950947828563862913791381229e2 0.248048089325324371795453663868e1
-0.410532387450775431267331181430e0 0.202699833654649614108696748786e1
0.318915910875257050307571586834e1 -0.781161222120934385223061515371e0
0.248380928504094963059220196335e1 0.124020020803221315660929957457e1
0.167481540221445081605110336318e1 0.206449396737026407739008779427e0
0.480801683201065424554155284217e1 -0.680728020873229179844992214719e0
-0.161134924319475302231021012385e1 0.297507139731860829403191503308e1
0.127354663593541748434094800325e1 -0.325484726084195296419977514587e1
-0.402870007113153924761080131345e-2 -0.216610638928302156867385676107e-2
-0.217906074176710920060238443781e0 -0.802862965426472700230344282942e-1

-0.411900218150558942827512849681e1 0.333436719203990158665094512190e2
-0.324562789175240689358563780882e2 -0.672743989635455760877339552622e1
-0.123512675376739362825958511612e2 0.706648649156583348822104370534e1
-0.390043638082170459112496182820e1 -0.191075301737323575515868689681e2
-0.142428749068255806738538031455e2 -0.297413335030795949192003519400e2
0.339838567741220762511658048984e2 -0.182592189211345293433598107366e2
0.289866290372563940427333003657e2 -0.457565871036500478301935046247e1
0.922266793086710625303924118846e1 0.258832341349529660596602179187e2
0.259098695205314441607105929500e2 -0.385611416644019781094882112565e1
0.772611800005821371948172099489e1 0.244039212983731945690395569726e2
-0.763989494367734517527395632034e-4 0.517221112261034201128735893730e-3
0.291651941906325716154473928822e0 -0.161982914588819394477743814963e0

0.150240152558313062956e1 -0.110655891531885112230e1
-0.148748924207044853224e1 -0.133244225787436521707e1
0.116207589034908763126e2 0.231692263549851335935e1
0.676549425113525166871e0 0.178874893360995685949e1
0.646667577902039415576e1 -0.125480493535060330548e1
0.631218727702745058088e1 -0.221928326347093470179e1
0.137734817042151349491e1 0.193778926368951906662e1
0.287873879492531045124e1 0.167623622025633885299e1
-0.533203389899654908171e0 0.226708549985629237542e1
0.523029296141578711830e1 0.194377734126536860348e1
-0.873825204246113431730e-3 0.170726135142914699596e-4
-0.961294957145946585509e-1 0.948505302685321069868e-1

0.916955886503808699078617624945e0 0.351328325346282981640293758240e1
-0.232669886494634776726807468556e1 -0.103287833351175876048254434858e1
0.991066913678140409413488948683e1 0.233739837215866784705432928745e1
0.456330830869638750531993706830e0 0.109219081850375603886828607666e1
0.197357951907907462709504247122e1 -0.287704007376013342987330078721e1
0.768938446460798403201918155501e1 -0.134001814883091094671190704083e1
0.238584720237632440253967940413e1 0.126947853311453644924478659229e1
0.191917175199981609500043107949e1 0.686989035717795357398088891151e0
0.615335490366918106451776863398e1 0.432838321420447619525007297879e0
0.319351092118970778115654081532e1 0.316046589099844230351998517414e1
-0.938818533443794853060970593396e-3 -0.309770314766355156289310890716e-2
-0.157261429180801771383532146222e0 0.967700269504620828760570901835e-1

0.374680190469801289080024172969e0 -0.882214039649491961475858300138e0
0.234162235459733649730052479182e1 -0.537234526139269961987615644950e0
0.839249269673206863450423349230e1 0.143858052023120601532903277360e1
0.464532830965127684482109235810e1 0.180687011514684789673092020665e1
0.635296697241715351159599923090e1 -0.331815633318679822608420975711e0
0.402296105547092463685963478482e1 0.172108054388159900544617924271e0
0.191410235465097520542815027523e1 0.190402806655545463532818543529e1
0.181476666345776774905073722861e1 0.999415196951207332360439510005e-1
0.171033239968843643684093341023e1 0.184140751006912448293629735504e1
-0.117896300149036277574637802188e1 0.104203824379591865540985993807e0
0.467757037690350403918814118792e-2 -0.554209531734199856341536886277e-2
-0.167386511211759646697068037554e0 -0.180725613905482422291246125814e0

0.181967222861984487237e0 0.186528411242246301574e1
-0.110190650774060499651e1 -0.138777442597422868194e1
0.106716219843040916165e2 0.218863734288218746409e1
0.140825553782916929296e1 0.272324194658242215773e1
0.455718020682693900503e1 -0.183657002830006587312e1
0.691448346850144952803e1 -0.709066234709542440092e0
0.139937180455661334543e1 0.676463030253779801530e0
0.137148593862103360358e1 0.613444918016629928939e0
0.412497954830775705962e1 0.776177079628099098681e0
0.264679808161061885840e1 0.400335220418739146206e0
0.202155520930139763897e-2 -0.203372319421912756382e-3
-0.819288771671315840133e-1 0.697252121872135844190e-1

-0.309998189929483990091626138735e0 -0.299984250551900840443190349539e0
-0.777565410987012994990505926604e0 -0.756638689726527755995151791540e0
0.116642335712612767037168790203e2 0.235048495469584783498146406571e1
0.403092648690742244735243210893e0 0.160031019560986548439029218557e1
0.487762171516498913259592918884e1 -0.142868833665489486667318081021e1
0.694090189093417446161884099068e1 -0.489244434505370998573258614071e0
0.332185732910224020944975028991e1 0.153395183275911916444310625288e1
0.341073495494970404343407233705e1 0.103965465157371752265826367395e1
0.257781016447740491446563457122e0 0.143812344419832340527704389524e1
0.381058305184274016550453015171e1 0.305312040590792563982849361537e0
-0.504311417610495908311719161730e-3 -0.592216037496918004458756484404e-3
-0.288031210495612234734424330645e-1 0.146046199512042290764113026388e-1

-0.157254079414119566534481947206e1 -0.140227628244696753296836730224e1
0.248541303883009465327427010682e1 -0.279528296155761259828424651909e1
0.552906793610922611674150785950e1 0.132382733281591043111913838924e1
0.295256343800221843446781408090e1 0.858142482059820457577354610536e0
0.263695510932519010296146986267e1 0.149251738719155277093593871855e-1
0.381298874568051665763447684668e1 -0.699332779756151767703175406427e-2
0.884408604414675151014013577571e1 0.167286258232473675915609515509e1
0.210076608696667274228944063325e1 0.282561912725080089843455035670e1
0.531507682386295789678095604290e1 0.155424339902130818741585991215e1
0.232484047329251869709708778202e1 0.957452941707405235806834253957e0
-0.167971259688228013938902679590e-1 0.654173202671082495170207504186e-2
-0.257729783802470711478438715255e0 0.411866420791966184995582582450e-2

0.468332551805838556789e1 0.592965961133193557591e0
0.205178260203580032760e1 0.153085736676315302515e0
0.426440301477143636055e1 0.822031970166313315836e0
0.300720653594370668010e1 0.999659016850597629319e0
0.312241191907408852167e1 0.121745250423312626441e1
0.240913560001711815920e1 -0.802875691272130057529e0
0.334006723308211847523e1 0.883623938974486404811e-1
0.374562819465051010889e1 0.411677777100896951225e0
0.365267801744662308928e1 0.115141511883120925769e1
0.576503442008828599044e0 0.516540088338519909903e0
0.468329257103280907068e-1 -0.129270440452944233265e-2
-0.101371630941188915507e0 -0.874885998772999790523e-1

0.547146260161840953073936468883e1 0.159664116009525344993420573791e1
0.565499674960628305321733321611e-1 0.123142472911664220288827481814e1
0.504286383163065475346781544274e1 0.245908510474049653004681040401e1
-0.126350355527147792201904449677e1 -0.524232830514250338752449377056e0
0.250030928008717786244168556036e1 -0.226441121480497892226932580147e0
0.428409717134970490627568160617e1 0.260009875088851674540453831764e0
0.470203389707603655801496717953e1 0.372549140286655503465963245527e0
0.359785431267559755206632990775e1 0.769504748334385280140974153232e0
0.394709649580774590268505842673e1 -0.903479615931145011991870532543e0
0.678372133032178611909602893978e1 0.467131225576864234207350106420e0
-0.977802610577594939683247740424e-2 0.731982075076971019031065930473e-1
-0.831867765601787127485066292337e-1 0.116685990221353449721176793513e0

0.113668896980081771308805259652e1 0.219183747095861646111458135218e1
-0.113058298712697738450982913877e1 0.103650746254246071159278266091e0
0.136623995104264751999251858250e2 0.416261870713849541213929138915e1
0.404672661147909479265625100998e1 -0.245155149732244898173283314572e1
0.767531834875135215832592631909e1 -0.228380333517441080422576645619e1
0.450628399717009337612803781394e1 -0.276458676859311652517575479390e1
-0.704086808516639238890724319974e0 0.109181382083153205151053762888e1
0.434400373804585593396458379504e1 0.309725017251001217904097916295e1
-0.403195455716770941293194054237e1 -0.775385295016277953498762797878e0
0.170589467486545168922180376122e1 0.545264624186303907339006335169e1
-0.213478227299995320093225763064e-3 0.128296232737400545823101557046e-2
-0.258706709004071380551453529066e0 -0.232635835207205763358176581415e0

0.405132911473494937545799579062e1 -0.147549343655162176107461426921e1
0.256817467403841454914346075982e1 0.129228662491074833198802280311e1
0.105730946706709366063562432024e2 0.310253128305988591938300732349e1
-0.725620971436126179353083388175e0 0.316674355930751310345126952866e1
0.224638361010162278617886013168e1 -0.141794510413369328434725825406e1
0.463012272949775241722713710822e1 0.462035684687241042291975615957e0
-0.997551445559155700259881382223e0 0.184504486200813699941280818144e1
0.300779755414815209871066009520e1 -0.386929719654533539579691355476e1
0.348387774615645850986645465558e1 0.373670591045697014386020688005e1
0.658692921331951787776613762482e0 -0.260541364674625424641642340478e0
0.158358615902188677594629570012e-2 -0.284662345545593770967110616911e-2
-0.701723753829463559216341370401e-1 -0.105952786771002806611205488180e-1

-0.389258776232402930630039031307e1 -0.142026680490146077496549418216e1
0.286447765580003803224278795559e1 -0.559258690761519829688150200687e1
0.738460444670934301086218602669e1 0.183363234389231339885648795451e1
0.393619881993767579831200699981e1 0.483202785970236883454819056348e0
0.411581987712114657202162714083e1 -0.509953919309118855462255619390e0
0.254411216176188793075783154988e1 0.281072216685373221819241689464e1
0.644073635821887289327601452850e1 -0.956624789871413729836842144377e-1
0.397665647090647611430237923390e1 0.198364105804821531814375853562e1
0.448818920935281202526731095932e1 0.393717238866020014124595956453e1
-0.925532811074566910514405389770e0 0.377358687105096589248312510857e0
-0.304814210187220875626373232582e-2 -0.166361025370670879154118923784e-2
-0.855971017124417557528744707948e-1 0.993972634583837470764273204330e-1

-0.203858281890896819580546718972e0 0.149208434544439068864969653580e1
-0.151115736862195435802752635213e1 -0.251041903329459828488858257139e1
0.480934159243162042579590247939e1 0.760299084907016287554442774655e0
0.327822105779512027407026045140e1 -0.317165783121681812960868666488e0
0.470420369938864509565396931110e1 -0.379161413506788384605453919309e1
0.847880901645938555848378519089e1 0.561645164663645311756232532782e0
0.519809737802044180652222396148e1 0.285474392292824326045297561809e1
0.226094758008242618035881868002e1 0.214760162559494235945922780442e1
0.487404591276381855332669930180e1 0.285556392921475153102132371689e1
-0.721499624515410442008910133048e0 0.214751252955386139800831457658e1
0.211656977446104425970798892560e-2 -0.961373111878128975779299836630e-3
-0.154606109675094024866226797119e0 -0.994919730405962424677600740601e-1

0.100007193525527751134e1 -0.504241962280889249523e0
-0.154430927361434416792e1 -0.879316289965678999068e0
0.113849989941408458209e2 0.186530893953343262235e1
0.180663696001575955737e1 0.233829635923646369199e1
0.504625924436273900868e1 -0.149636574845666110538e1
0.569278292082596657463e1 -0.120413404039060874012e1
0.394148679008145878875e0 0.122605828509117508872e1
0.482110118649796377940e1 0.309969510522902512049e0
0.436804511572762572632e0 0.314805656922047742588e1
0.125840734156100947372e1 0.332981433681500751319e0
0.532015880064944385926e-3 -0.970966931435491084557e-5
-0.980857798438203807976e-1 -0.110366035602494103721e0

0.667657147780385230734898251355e0 0.180845978322611280850365396756e1
0.102986214058587801384383540205e1 -0.248467872675476156950650359705e0
0.102456901041130023238247933757e2 0.226103941453259974017749559804e1
0.189299394289042314377177012466e1 0.186745594775689061342017098140e1
0.542620916007001561344172855915e1 -0.182923031490309462991235519095e1
0.603677133572397026326373378166e1 0.203488527067359046969222578833e0
0.100840831328767264012869483781e1 0.137649743320455985014520996366e1
0.134840141536131722272148563800e0 -0.469166214927549355743818783204e0
0.375254710042380445941102058124e1 0.569544462941141869565102958984e0
0.200984615551143016141947728766e1 0.711838501105178805671397980679e0
-0.252324723764921038654239850335e-2 -0.342626904323296010564900453243e-2
-0.196985467460165203203607096594e-1 0.997817991763904270791149087426e-1

0.212186461744422700921181844277e1 -0.351927646222265566412921948846e0
-0.242888525664744922942943561360e1 -0.631584739424709577709028215836e0
0.562139464533923499007041453497e1 0.454064002157033520566000621053e1
-0.266483383988660303714272789974e1 -0.596284808055341645492794983060e0
0.270408296972465746523332826021e1 -0.523146870334463155638174423238e0
0.640350970492221628180507841331e1 0.277350334250537499832587647742e1
0.708391217444541752388654526688e1 -0.116832817660386974406792897220e1
0.725256381853269966797450998872e1 0.161849417014284413610257983557e1
0.220332528706203480758168610836e1 -0.560364614371732298408915152324e0
0.648735041004061175414314846814e1 -0.225914173757627861186279830262e1
-0.159907570883717835460064002315e-2 -0.975899686456502679670416787241e-4
-0.360202363877167550801643305199e-1 0.112243144039205754689772084500e0

-0.461595482568085342212e0 -0.221021747510831583183e0
-0.855667577907990313957e0 -0.841998763753047601058e0
0.115824548599992733075e2 0.213434946052493443270e1
0.420538330041837860615e0 0.121496138236311714649e1
0.283769247132536179602e1 0.767839471281509676872e0
0.384139680289313459891e1 0.350108317794197411660e-1
0.431776486935264790408e1 0.255917579514922220382e0
0.565251966298044235737e1 0.966771289350598072524e0
0.129683478156544272186e1 0.440017866482166787758e0
0.493698102138432196300e1 0.189518931841268517264e0
0.127719705254030584815e-2 -0.314493485046500698226e-2
-0.711771820558691026311e-1 -0.375737415160565610253e-1

0.431124010810501383797249321750e1 0.569074667903570893339620400263e0
0.308620931232545512460382292055e1 0.656917880918930631005761557650e0
0.412548695170535052089581784119e1 0.152758993522315851096034089557e1
0.153928718931921090572824934382e1 -0.194213045570833892052731072431e0
0.264390140563926140424670334149e1 -0.162030446152939317983654876323e1
0.388983653769950850226161876353e1 0.134271407826745082584188501439e1
0.401775149446106594893988267430e1 0.156468744148588289609541274863e1
0.314705351269074653076417947856e1 -0.206440330548283164899599576895e0
0.411515565788776233374847241605e1 0.195497674589963852467243913796e1
0.123314728243000478398366996201e0 -0.193867881040958314157658098083e0
0.590616111642960336986247932343e-1 0.623041977531505610401550762116e-1
-0.162504448001691328286313739404e0 -0.170829053456330518148776544447e0

0.465567921284385571835e1 -0.213072324036770706303e1
0.365460055107902179921e1 0.342161294841984867923e1
0.131194558759114782640e2 0.328543617442721466899e1
-0.366450476119272859795e0 0.482395312922265577429e1
0.164176108084723914866e1 -0.560120339079263821922e1
0.980793727106212310206e1 -0.237590420367830092098e1
-0.116070300746604631757e1 0.535687675205640982407e1
0.705188622528957827446e0 -0.158670998467132889063e1
-0.171047196916734144334e0 0.305419710431009698961e1
-0.299642286596319342394e1 -0.220235003774293688537e1
0.556754407672309859954e-3 -0.765085792058833349747e-4
-0.131845173196215808273e0 -0.552558104695577806094e-1

-0.782939070144711528213800752702e0 0.354670171616376126333214821971e1
-0.307470989606300682200572295574e1 -0.329327599547621985664716154911e1
0.394312866838403735159048716563e1 -0.198807306497451383000618807995e1
0.496542381490064684780090548989e1 -0.969266158991191977479360064610e0
0.616586792058764324380979280012e1 -0.113265459342237349440986437450e1
0.606049924174162109642437846005e1 -0.180100962557370696828791185545e0
0.631892968667516153344936824565e1 0.324566621541358073409460852776e1
0.791992458004736091908662854683e-1 0.379702504040121556891501778634e1
0.707191283032284489667246603647e1 0.181491992053558727262357804515e0
0.433549292020148990412541700519e1 0.433910970745946970596649412767e1
-0.223147995278266759978646913249e-2 -0.372184616027378058146334285087e-2
0.463375019740743224808347121053e-1 0.407113128519196471588018796743e-1

-0.708587286591620954918507877856e0 -0.391730261868847496233444150340e0
-0.612170658105149433064368219393e0 -0.486805849575863737493725008117e0
0.115783121511116276905080885145e2 0.214872394720135577274107940036e1
0.283980310173665093666845728294e0 0.987553173575608382500177156211e0
0.560115256363119825569010134419e1 -0.224918441210895038442534204939e1
0.672700868765498432392594168250e1 0.106160354615919588550157284630e1
0.315734074705984295576112332547e1 0.198469316835410612438908757630e1
0.376294782684579702918421911850e1 0.558392083169300135449432365886e0
-0.828122398220466744185874437920e-1 0.202070788216131682124793511162e1
0.366786878522932354794905749716e1 -0.668936048563906180876245468129e0
-0.808234119243900062291024461315e-3 -0.207765262236109571630846147576e-3
-0.100213836300608081284171244534e-1 0.126854643485742107631168920709e-1

0.408712895558728064274578390378e1 0.161811046977545548487976785084e1
0.270551143158937925296416644849e1 0.122002596074777042734501484564e1
0.498897211604851561294990801625e1 0.109161571079213360668093397737e1
0.611821687880671805511793469953e-1 0.123153499601965516943629004273e1
0.167256956924397613614448004129e1 -0.221170149696886470207341576000e1
0.697736486031554828122676237528e1 -0.191357630243735502411297790764e1
0.615649721090408657402358623766e1 0.228322431347972050042937055805e1
-0.220541323135932027909338323458e-1 0.118590896052599140209874785360e1
0.497395107913269487408174541238e1 0.739085473979071661946180926225e0
0.318876765541144396003195248963e1 0.617202401180246950782751272812e0
0.510454157025093577439484733666e-2 -0.107582215944913998268175514704e-1
-0.172340114367026550528427689267e-1 -0.285662535448261899644122007839e-1

0.805381070923772890597039954286e0 -0.169637702890659664952591734899e1
0.458657845996103739808115022212e1 -0.159209667460582935011917048667e1
0.668438507962505689604646663503e1 0.409422404604672682493416012301e1
-0.176003493633793669148502742068e1 0.259071295185276132575776324245e0
0.118938135230574716435100124536e1 -0.791556111344016518676744137406e0
0.438592403436168489320148772077e1 0.284650958022193938439547437654e1
0.745666043312035886321284096182e1 0.978880749268498360180149045130e0
0.192407941234229255535163563855e1 -0.238350737967251577741830267270e0
0.551761890054867985871994205977e1 0.146837805855892099166598926086e1
0.429883705337699180830989175012e1 0.161334516812120447869267458636e0
0.370043117164583892920458048264e-2 0.238469716395456926183928855724e-2
-0.839697617541718777126775128688e-1 0.313099998679613455597627629899e0

0.965249108226814100870997025440e0 -0.441552258105332170567057854288e0
0.128158799556290013075175538764e1 -0.133431504120506691166043344725e1
0.735054180344876779138969724716e1 0.213895036391086498292092041975e1
0.199618350344873457516391128899e1 0.152891709512963732075603240526e1
0.328592258786064329280416723593e1 -0.123299363942016502354863875049e1
0.454611896277033497949652010053e1 0.987068783052754982760225049028e0
0.254874331086509532486351767365e1 0.259980260966768820529599971940e1
0.105147397441012743803190010827e1 -0.117179320393051915287481225127e1
0.700102004391159901810952086650e1 0.231953191092928618861739543214e1
0.142965608823662674907188979664e1 0.212778830806069320961303744894e1
0.916081163501951097440545208478e-2 -0.937809562066309968364328400412e-2
0.335980417940707655712015510367e-1 -0.210571577345988811076725535141e-1

0.286057014102782026709803589621e0 -0.333099874028397069562725529443e-2
-0.980945245597505305625427412532e0 -0.122865029564862207684435868591e1
0.542593259672565588410707301114e1 0.181898500615444271829923471697e1
0.593942154853917931429173758936e0 0.271064440024787560127931484931e0
0.338330283744832199344421892555e1 -0.353036881294551407703757828434e0
0.521625494929662470377682924273e1 0.134765936524071273572367688971e1
0.686992275100581160442260135079e1 0.180676611912512004354867699524e1
0.254276523418746296600116656343e1 0.115371052038327480590581341818e1
0.620565471087335547800948569160e1 0.258593755426910190442351849893e0
0.586711265414060269372938013900e1 0.844356144348913645411833689158e0
-0.223545318469012888563638125799e-2 0.331350344938133587712780622203e-2
-0.721700660345269698082531758726e-1 0.127410596529310679212664355656e0

0.161002528313852362734604256644e1 0.251791958707983494390906385022e1
-0.256197396069633899865302109072e1 -0.969126911528911411920192780773e0
0.309311830695903735257787380327e1 -0.250380101330625707398096055295e0
0.388328532372222045115030004338e1 -0.129203422118696502917710548758e1
0.615737994514674374207433846913e1 0.901616230526441640603259164844e0
0.333975535510598265037180858457e1 0.169341925097958493501237746256e1
0.447715874383050092741827525188e1 -0.364600249387020574565474181555e0
0.553616245021390894654009439012e1 0.105885688579758611316412224851e1
0.374466990543284443274649623939e1 0.853424226884283833732902764653e0
0.236970795876661193557441209678e1 0.777094006787729537001809723419e0
-0.511527590054978949505710985888e-1 0.367622881022627893609995187532e-1
-0.183703599487793773751021564302e0 -0.156142534912205306121408153559e0

0.164769948729421791413498189647e1 -0.439419428055256197033768123379e0
0.322564941941207302802299612338e-1 -0.278812200586060549951496382998e0
0.735576840266340757485686539847e1 0.264608847337727688277684105491e1
0.133890069334228454062266494257e1 0.185140734891473463218630995350e1
0.327350909529729422201957489883e1 -0.131922982280470474781308254525e1
0.541322080244348373774712935415e1 0.602692430733548729416614588764e0
0.150958554398943984013878982211e1 0.249212552365239246814621132697e1
0.162434053749941945943577720394e1 -0.248871281552490256298661064511e1
0.716125910081410639906033433550e1 0.267105810300207098841527605306e1
0.141326506223853113543197591556e1 0.230231525590351042903444574423e1
0.548852936538701270273609475816e-2 -0.472874679582490932741154224619e-2
-0.132584580812784748742082312198e-1 -0.204476157056350342968724487268e-1

-0.380485189041566463492824225461e0 0.153390451079453156553601587370e0
0.185657506060590000658794405101e1 0.936110187087044925612350667447e0
0.812390081144236126831502747392e1 0.241718769732055583284192816464e0
0.461496899668858734324993177123e1 0.187144798050017818211901143324e1
0.287109058992942280555742979942e1 0.832908789738999016454186883551e-1
0.255755700011719271699537594582e1 -0.176762485087119093324333152549e1
0.456095367226480057048083800890e1 0.192620399259511957567830896118e1
0.298043859907471354124593461393e1 0.368565815111873958724581704529e0
0.403978558198485971269772950838e1 0.152896081417979304787800091716e1
-0.134052546802158120742872727951e-2 0.437997674422780597384388672336e0
0.104811252246147601100020065996e-2 0.617413533422249080379991620774e-2
-0.982979810996839849629961696531e-1 -0.255394277004691106832101384185e0

0.329430360378099512976619354361e-1 0.163328553949481797572729871147e1
0.222528597121247442581680148144e1 0.275511782234048807692609440227e0
0.926388070152405935659781361631e1 0.877936292328430617262468735386e0
0.441177773903033789763469812836e1 0.196178738659795525885902592884e1
0.663733029253728604572221904176e1 -0.102572319087071303641460275439e1
0.486778733020103633635958217743e1 -0.660010304442387733648601451225e0
0.139402203292268712943685957101e1 0.303656593857523902384620554699e0
0.180250235899560798726119526442e1 -0.328976297683559723323219352195e0
0.107595070024472342439220111799e1 0.217901031968184090605651932186e1
-0.172515608296033895631801708816e1 -0.498067571294729263810717590632e0
-0.105493164959424857939655866308e-3 0.517161078783282334712454133690e-2
-0.239634027876413511273164295021e0 -0.828955707824511270967514475817e-1

0.374882249874065037057910734547e1 0.103618112520935271142860906772e1
0.260778460326650516562357898129e1 0.326831686491010366480538095821e0
0.384023414375347045411792648434e1 0.566733012390722740360305408241e0
0.222480167446837123526759775928e1 -0.232999208131633490208557449841e0
0.485613231421382268883409484590e1 0.106198908096668817589535725298e1
0.188585175287343289681107551407e1 0.108550660365874931292750412661e1
0.470232690534265254730454778243e1 0.104875715103576785536689266651e1
0.139283159422202205336894992174e1 0.502882518501496953453382998251e0
0.468018206891395995174205204147e1 -0.146172747055788264685572946677e0
0.462198538717643210894224514997e1 0.494687948396249131710148093143e0
-0.722688563484684003309694579026e-1 0.114910522833050566503669068454e-1
0.878452009128925154757237845647e-2 0.122542497454447656009659402134e0

0.164832738100528716755971955961e1 0.211362303362953452465986892271e1
-0.195494797458324753093088526236e1 -0.203609231789878542633518245265e1
0.448633847148960860549741996246e1 0.162922392211990564866429168174e1
0.960907202418154796744981051990e0 -0.183915588863896532686759634881e1
0.298125465254564453643125755588e1 -0.137467969688548283418465953787e1
0.497206273360530354218853963754e1 0.204609090824843404939457407576e1
0.584124353081405567540161737174e1 0.265139422141587714774904358582e1
0.187747188263594986170998250438e1 0.191844099148982200197388064064e1
0.803234899521575487065000705715e1 -0.901300879192840507211126148792e0
0.633507996270394956523503274317e1 0.366474293380372720477298997370e1
0.333284332594547237561429361128e-2 0.247674681935698781784868945154e-2
-0.724094848305669838444538342125e-1 -0.949574715821578510238712388998e-3

0.125162133524844900618743501964e1 -0.161318540107314355072634897415e0
-0.286594440888455961947386896558e0 -0.103735487989302793981305905177e1
0.107411499925579518734420525737e2 0.238904768182732042066790127437e1
0.896383146949693955972213180648e0 0.312140384739799578754095779333e1
0.390399328504902831332157150108e1 -0.217148007309001331004813156177e1
0.725615019468889303260828869652e1 -0.552872142626332882194014253177e0
0.568972137973922608253439744962e0 0.238009178461988746569511615597e1
0.134498966257471070800479208940e1 -0.690092984584936650247588510254e0
0.400459753007312756992531873844e1 0.229517277736122277435265967502e1
0.151852659979434535086667666544e1 0.991104703262209451563358267895e0
-0.169937991470755099128659538989e-2 0.584687907055743620627835373979e-3
-0.110634927631432216105596488330e0 0.217288057832505424532160483574e-1

0.238237762487262654166651669443e1 0.757240321199122160305886241941e-1
0.222427853013268253704703049130e0 -0.937602019280797748557836882167e0
0.107657376610986454601464590814e2 0.307560156832692203243986371018e1
0.135115046517793901819796228379e0 0.290072453255281814108685590273e1
0.210785195692592744723690751820e1 0.731254531317034135090976610439e0
0.379945377232337350998795825049e1 -0.404791687905314098451996272176e0
0.133186268262383575160358829769e1 0.163721240946294108020277973308e-1
0.319055298538553321492557046244e1 -0.154470002733747312940758498342e0
0.422854658822953422347800388830e1 -0.135820241262552477594879908276e0
0.411722097564718966351525721704e1 0.321270154387392217778123540304e0
0.713679045729207161195840208096e-2 0.131006290749570481871034768601e-2
-0.199361900976468763372904517866e-1 0.342088399992580471937207714624e-1

-0.381820449844236714051446944833e0 -0.473092916396110465113231469910e0
-0.131351755297482344155287813889e0 0.595148140669622331242708818222e0
0.108869042654920380261006688274e2 0.209834812161545644640399232291e1
0.123564021029062611328255431550e1 0.135595871066821854549910623212e1
0.456509329175219196674881831069e1 -0.267758395830184889854429000765e1
0.356132639454227834378797498493e1 0.282558730514208472788248943229e-1
0.219164837864176148752165494710e1 0.296422794994504880793037685446e1
0.245774012608956646643290953830e1 -0.292666542532557940894518949958e0
0.413173065143827665493739652139e1 0.235466491921113515570397475368e1
0.487576514407050669210694043180e1 0.196411288046077097205549807028e0
-0.129938238960220355495823477737e-2 0.115595789754663020582523576437e-2
-0.573107130435292380402352307457e-1 0.103338783452907492976966254143e0

-0.932720687513229355610438194380e0 -0.537669618754577651830797783099e1
0.649998996140236983731782992724e1 -0.264972845222845087956438574635e1
0.114935491807716458845626567507e2 0.160738202974220530067534527258e1
0.227923570271141550421085321830e1 0.263450046693912751226534042778e1
0.914580076315878125384593286367e1 0.119067240812088017943598284047e0
0.323952341300325262646506967570e1 0.497046708195296526315597279919e1
0.125152818906126672425457604091e1 0.423355326746974032155748184016e1
-0.932074387564635634499218196474e0 -0.153147616073184957291570514642e1
-0.378359397416558075149392286671e0 0.356411329934253461013871969344e1
0.170660043129840948283381588272e1 -0.194498368585113754796714684442e1
0.114741487724704694456540720284e-2 0.966274231868712341589622603635e-3
0.737000520143211473828854817737e-3 0.216936089477130519027253133959e0

0.598762569470185127241316562968e2 0.371270060185375063575386784251e2
0.376105562738311693890477065942e2 -0.579904065292758373036867555543e2
-0.811215669274599093952667915703e1 -0.357110921094677324013526524801e2
-0.357358419821904165600851593780e2 0.143426821997562992262213912116e2
-0.342737977577746467561462255200e2 0.516395660525202399300652181018e2
0.577466129408171197867150683567e2 0.384562410788925518242202710933e2
0.700254807145864161161795792967e1 -0.235431669726801601508584999842e2
-0.225452212379969874492976034363e2 -0.192686457432973044764848039571e1
-0.711230545569643592122408265630e1 -0.254910266412356352360582650777e2
-0.245377057294985676915539948767e2 0.118718646154736334187168496035e2
0.900724012174134501026502074936e-3 0.191229296555800305551422855728e-2
-0.220299262551624164539810579738e1 -0.956239532976596006817714570851e-1

0.414997881038771632269264735863e-1 0.198152548185450313007786453704e1
-0.123348726063459205446077075726e1 -0.165119587637751611457105763619e1
0.108285907745611903925738682549e2 0.228318314524733174957413983734e1
0.111786032729683183478570342008e1 0.316442373666002345071014565717e1
0.358122989596960398280252006735e1 -0.229787156337299955530651281694e1
0.739971578619679471499276956214e1 -0.978242881465816220829216865767e0
0.170147406570986720953463300286e1 0.602778351783884430667110906063e0
0.146646622698489576672885200603e1 0.930254250493040630539931143850e0
0.472563625808151125605416088429e1 0.846218939991975005979946110818e0
0.229972505400926514918204327097e1 0.467306692587900300313295239642e-1
0.139437584338474403788246098346e-2 0.972758056819214054876026270340e-3
-0.114049143775496096539915859754e0 0.610382608770944705163483613619e-1

0.281457074210884459688431065968e1 0.219744803789872451197979264546e1
0.206423921981949163730577009793e1 -0.891273097209692960930675639483e0
0.644375422325624189264997182031e1 0.622892156920877653397631140114e0
0.726411167470501451817251404318e0 0.184562095555777450141759174855e1
0.215008985405511740504225519357e1 -0.359670109684256283138336343900e0
0.590385597977061427477092307342e1 0.133011127124556674994397491815e1
0.348555869379504494200357060117e1 0.127840100656143484099755621277e1
0.394527643560726116620180985379e0 -0.896958513346382491549997047218e0
0.660081016280880296491547067075e1 0.581642206830426342142419417107e0
0.183108175221645413790139301364e1 0.614003629556422000826450922870e0
-0.125990888605606179157404162342e-1 -0.112708636373584028289063077014e-1
0.937189089146563928570639586643e-1 0.115158690898555582426058035624e0

0.100665331227937697948240498600e1 0.137771760436007133720077056106e1
0.703940229911480756859588873856e0 -0.480659192617262376912756724100e0
0.107883886950369034382887407597e2 0.216430212479937015716554047504e1
0.109026167723869941478645344665e1 0.311631449702137239743724340941e1
0.324722428406655917767748572378e1 -0.183006837289472349376739358617e1
0.702813269497275615313172135195e1 -0.764471342025569306111864381422e0
0.116279300305866435358800305349e1 0.144084197022998096067279150349e1
0.736288461332572708792328639461e0 -0.735270498542015861988274817886e0
0.445367238990944532137898847627e1 0.126152653504984114944598553155e1
0.115628147725522322414189189901e1 0.669765887794413840082968628508e0
-0.135595396036019391979573873896e-1 -0.205026801282385503262861574628e-1
-0.934942343410239729761394880527e-1 0.823201199760229290690472317982e-1

-0.207326044186119480134499753657e1 -0.193284254243612920544884651562e1
0.295503038933570902245956587410e1 -0.341723153364035226490592281457e1
0.579630287877484552191721634686e1 0.507440586392727874100045288318e0
0.413131665588945811206483295185e1 0.100125182979179641537075084012e1
0.315045698783312641213085847977e1 0.132503055245573606362507437492e1
0.188063234524944223297021366658e1 -0.722506506797366261007176286164e-1
0.903295543810106606373310172382e1 0.193138964750116757292701001393e1
0.176390439576105156623198750540e1 0.355596209429456768961017494997e1
0.532913257335011892295434633040e1 0.999008977985766526550906187836e0
0.318830669958089740323112769929e1 0.113152566004985650572019522937e1
-0.147658952575997357662764450331e-1 0.583485912427992922614618911449e-2
-0.260870696276584363368808901741e0 -0.465814190607308406243124040675e-2

0.273711030902132328917891873032e0 -0.257636347121376627959297827263e1
0.403562330139995912811920337924e1 -0.130162894650747450510619365338e1
0.537602314905913689962088528195e1 0.147641431036385623478114065924e1
0.332353681450254034329325126913e1 0.975071069163143901334533160572e0
0.457905216295772320735808025815e1 0.314929180009241006258069981735e0
0.185550120012615263781959030074e1 0.643575259250641931999157980844e0
0.636639215338789834946216382468e1 0.312396341595161006273735005321e1
0.124933008536242025479679807335e0 0.132129945831296355243467855347e1
0.545832956867374500698567722585e1 0.133817104464455812705892814697e1
0.352953838665095900284858735396e1 0.845000135379432367011490901252e0
0.519101041314002493602849967442e-2 -0.159520197309758165595133165140e0
-0.869757053548944461726237297203e-1 0.447423371312054502334141395856e-1

