88                                               

-0.128959716722523830218395147005e2 -0.164806165821602488799627274603e2
0.272506818173281724573669518494e2 -0.362641007245349705372706827334e2
-0.343365272667194027022733950268e2 -0.165312588303235084020692896524e2
0.271916831124950638606576727898e2 -0.178603418582244262371561013338e2
0.269131764202152668694123893921e2 0.212909662875552054268120060657e2
-0.164637490675599190138313396053e2 0.246015261352054598522551465027e2
0.324821410971055565190629791334e2 0.263786774922157350615952898032e2
-0.219714754267155289518127419857e2 0.297458056686057377933925043097e2
-0.864436003106347418056665693143e-5 -0.971938291545795845513228968231e-5
0.266359489144008426561977236259e0 0.482448383724247835997331240263e0
-0.120736310558645941685919265817e0 -0.650618283391685049812370339795e-2

-0.184121672598898830475669630389e1 0.268634946949769158543848130138e1
-0.216319967546285116901517997766e1 -0.107904030807990857732968878810e1
0.920408663219106584463339297737e1 0.108000915803568664186906149619e1
0.214387963129965050512098229286e1 0.304034426157821967731086282139e1
0.217048610792558853687180917663e1 0.324419117787130016682043692670e1
0.227030044625786620892261623707e0 -0.224096775494671540443856996120e1
0.903723599048723579852561961889e1 0.124109353317749304061653342283e1
0.242978274440151237116629397378e1 0.400338755459900001746494894602e1
0.137523589629994935173607121085e-3 0.203687908276950644763724944154e-3
-0.536351531697689915240564605419e-1 0.497244122711122024878614385951e-2
-0.586702855595315787970879681600e-1 0.319862589959182224567155166388e-1

0.207331524288479748478868981411e2 0.671788640967433906840663324930e1
-0.565687502030865743166621295424e1 0.192508082605375106091799556456e2
0.392460660155984300859283962337e2 0.154366055978074515031046974146e2
-0.158663762299483425717630368922e2 0.350604831508887755213437123856e2
-0.325156069238902051419515436412e2 -0.142282668183832831797201912929e2
0.297358432071086992942740670669e1 -0.201885060423994258898742935081e2
-0.103263534067395014243500227829e2 -0.580154675497402133884593771730e1
0.114682905621611155580679623590e2 -0.422001710123614764494882435373e2
-0.329823757055950786827523989705e-5 -0.227341606033371578653608937919e-5
-0.113436258528027082372501911815e0 0.706804171206628366428636144762e-2
-0.129999022076309475773991667689e0 -0.832277347531438673606191094813e-1

0.918681018007218815352283027621e1 -0.553374448147743111228341148184e1
0.927655779921395903952005125756e1 0.855553438947216038059992468110e1
0.188111278299558806832151841569e2 -0.301545148677038279776330621003e1
0.240865011076146688469382863145e1 0.120845351879669726785832139577e2
-0.919484925672174074042048355784e1 0.676809838265611713815435526625e1
-0.396667958871375180094280139049e1 -0.976901396661687954823945304108e1
-0.612143038916343326277012406123e1 0.696735402385842475530994059203e1
-0.330177639616014272865499209965e1 -0.106900443572014835229946727119e2
-0.918912514163044203427160436370e-4 -0.395632674825517744912420964122e-4
0.590898218762269794658979540060e-1 0.405851867429246059110167092216e-1
-0.633377816136937846401908942994e-1 0.374080850837389759586066494415e-2

0.508353301301969618843824952017e1 -0.551666291552643013570442727215e1
0.103209707401159463314489897778e2 0.387061275123701558337403350182e1
0.136605145484134427481293818405e2 -0.293419650083140707441470859866e1
0.244597066856895260571067677429e1 0.668328151991964516735739139799e1
-0.221707284250158977338635126437e1 0.653956227412728030127054990532e1
-0.417792724403533647868211047493e1 -0.562737721058125707338316704824e1
-0.389868428874115187096480134649e1 0.757920795904271756539795633755e1
-0.141161958730176802857460828679e1 -0.499538673781810745106916685706e1
-0.273423129271454812821453547244e-4 0.128198043230369898445562749467e-3
-0.124211825489235145582591877517e0 0.262445812742346480240509269313e0
-0.581964902130952427012979806327e-1 0.108564152706005373150009002106e-1

-0.402906625006113645053256999931e1 0.342231653625168204066784336507e1
-0.214439717435860437494157596155e1 -0.415045617529854694688450584601e1
0.814324103188551144119699757739e1 0.105876784004955938799472581180e1
0.232069908313298069739748575512e1 0.229281835831229373545611032394e1
0.526501325178636772698025234989e1 0.149887313652009665272008990864e1
0.127656275447477960043203283284e1 0.177802934877945293738165545977e1
0.833090026718814541946579678197e1 0.113842087170701876107174860627e1
0.226572229877441265141309898551e1 0.289524640919314028990055521765e1
-0.303378748886346232822380095899e-3 -0.114997458418391324314764204761e-2
-0.172084169296732905920168087788e-1 0.295007196254861567000193968257e-1
-0.511851219039178010200665840238e-1 0.241362168947603366653716132348e-1

-0.288148234304234647577444717209e1 0.161634397441102969235821559524e1
-0.411011020288659619828156913132e1 -0.221968947946508247361650479680e0
0.777340056770905608335656310905e1 0.129292818380854006205630445955e1
-0.112503165824137137618025077417e1 0.932425259381517430551675128422e0
0.694566773781816981304948129410e1 0.708591968967454518448881774980e0
0.620631651193820543783078551100e1 0.518204462626062513632137532227e0
0.394780496884082632353343319586e1 0.738125146370248941878519517580e0
0.589704935404370536627092504539e1 0.231926367052646605001916080142e0
-0.159647587118851848080371570035e-2 0.633079986490009500762485496927e-3
-0.190978753955861322332183285101e0 -0.278043472074715394061103782189e-2
-0.253369810331390890216840489384e-1 0.243523545178989602561460469511e-1

0.150182304193532374713255931604e2 -0.845475490034125734294163327775e0
0.320058833166289269748116734028e1 0.494323899248918800311627995959e1
0.613937584506564533322063016437e1 -0.566735736997192329047938067168e1
0.125057239071004021730433918194e2 0.342254123512983590353973766223e0
-0.157221571937637565745387916806e2 0.233417640886222164691027723707e2
-0.200003934659644176613796911243e2 -0.153111326553048653802097825267e2
0.273010553641285795815255218219e2 0.175924062739394042719728537091e1
0.162413995360964043102386354598e1 0.276284987527707185685778931465e2
0.805191689076984547330964313132e-5 0.206397442132471417397999500146e-5
-0.906017683143118529800993734288e-1 0.341850268718845212099192196651e-2
-0.131698148943982300124912903008e0 -0.104565953666171197663196786707e0

0.593279837734139338135688899341e0 0.154463086155452465328457994927e1
-0.105319272826000291117801140416e1 -0.211419942198385345652519257817e1
0.125584457189077104979279971808e2 0.114815510536436075200402575843e1
-0.637422082703227225096062800707e-1 0.268027801255073905527558390561e1
0.170315412218844762063129736378e1 0.160888551009875888037452041572e1
0.165035064272745833558456001763e1 0.518062205755833648030494894798e0
0.195157531478666387808746015894e1 0.172926861633753563269718750474e1
0.464248681923681087894806424260e1 0.508067435111603508265284928380e0
-0.304380624951828529366406079237e-4 -0.185957944173793928913082170262e-4
-0.415138098331839867892194172115e-1 0.128428941776054153974310804643e0
-0.145062376359244321277987660634e-1 0.851321806021625662393529338974e-2

-0.115864930442396376440855430220e2 0.164074313708209291420685414731e2
-0.931699781740699732598695507215e1 -0.144838412225841345782344210813e2
0.134415175218755490132543478630e2 0.110537687189705035721076539430e2
-0.339430004843446111029267354961e1 0.813955281921135267959206883938e1
0.532503123888135387179474836918e1 -0.125598933647097270068736300810e2
0.428351477442120722594556921460e0 0.795693829711759195698630982282e1
0.153516858049554530940355832372e2 -0.495090217901066732620603498569e1
0.825816675934648305643741665222e1 -0.178693476609868179023225734886e1
-0.226261328266752395228182272539e-5 -0.661543237939469642503071902515e-5
-0.113396558310237968889611858621e0 0.375323585275333411505648267793e-2
-0.848304006109403142689835512505e-1 0.640104920665313925944714633814e-2

-0.198910717717566979420620628631e1 0.367210962209603376938439810102e1
0.212819962438208447524707929051e1 -0.269662274385362660015573247271e1
0.110684999734025449080632732432e2 0.268266471128756571796567270216e1
0.392421238637764963871816232221e1 0.449696920374511697024781700731e1
0.118441643260407252534786633315e1 0.162804483431566802526138335120e-1
-0.342101258383123821493848487662e0 -0.154149531850774287093814817523e1
0.473886112352820564685719231546e1 0.205151642203237640028657197783e1
-0.307937135320488904851762295918e1 0.110133255410250443583389644514e1
0.171237262261576047506690569531e-3 0.157709625408565571722100152447e-3
-0.179558862225405826188901413836e0 0.347477614878056954705023585787e-1
-0.471585043421704517478271580704e-1 0.534841536484093297565545152370e-2

-0.427606237989887135805921216222e0 0.216457901012497026323598359735e1
-0.164571309034757284250786068040e1 -0.240780590533607398973994919206e1
0.115078044192505386469354046655e2 0.496551833581434103032168266891e0
0.191139355242688210070871735727e1 0.318904325855522076810289855014e1
0.131288162208389105763740372597e1 0.240429540829764511124092111523e1
0.132679072539555063275325998650e1 -0.487124973207140543424925698580e-1
0.481745527050080811221047041124e1 0.206007969636664633319113846594e1
0.196515325289226074305176935681e1 0.184101201100056095631842522629e1
-0.226164293601553694224267015363e-3 -0.168297321086603477560002617074e-3
-0.185529127829382945560253921315e0 0.745202650787255866496439407527e-1
-0.156925146694174479586198762469e-1 0.126184718390373289107253090821e-1

-0.224557457300514255815534311807e0 0.321934754687599713781075353242e1
-0.346791618367610121924471223814e1 -0.107903384446297250571218126481e1
0.110130026005546412032543659892e2 0.174063902129475967515593690104e1
0.423220335060812013056607627895e0 0.319146033744653479157737618199e1
0.169868873582298279479781553215e1 0.802462792238061043161129152719e0
0.315884721520023402928111314607e1 -0.485980507398520836485182891642e0
0.485849317991559564009707347811e1 0.511589211249443410360969889083e0
0.391609303326258106152841713256e1 0.727764899910276100901065906016e0
-0.175500193453216921528866320622e-2 0.137394301430005313524763959813e-2
-0.138026444916191909647048560292e0 0.563953144686073759357415617776e-1
-0.223157487319696677290722952444e-1 0.173002650402742839362362991247e-1

-0.523082117601221060867374716574e1 0.202999375092574253589102214394e1
-0.169779196853566297057933033613e1 -0.229682300647506323723957184788e1
0.581012581511548191663914583962e1 0.116857578812748079894353015112e1
0.137319707673028044843250985520e1 0.800182526358801449991840641052e0
0.876885344204000529209248914384e1 0.925215655371766027698425086985e0
0.405971675442578522290454668858e1 0.173535671135827995819287386586e1
0.606360185376581314415806320451e1 0.105846628464493224710188542090e1
0.272829903061813288495504372223e1 0.146461037079668630563688534904e1
0.572658140941240355593183977452e-3 0.337209045202862973686835592852e-3
-0.269161552834436981050576600083e0 -0.539093294208314617633745721351e-1
-0.445701868969531139942024593465e-1 0.236322790876234711072974400359e-1

-0.200998166171419420904944139648e2 -0.307543213503680524208664705694e2
0.509759931364087077729769699471e2 -0.499043630407825673316417088398e2
-0.490329304668484257341628723676e2 -0.373337356487270984946896811245e2
0.438961275746873490939972191723e2 -0.230164311585668254250391703327e2
0.437828116662109115604076992344e2 0.390406610495458476452561921683e2
-0.336574487892897592021880287434e2 0.425567105330044430140138053071e2
0.344272171544432286043363580996e2 0.404696266808871639381079919592e2
-0.351639004551857935286987107986e2 0.336823315398160272193726332082e2
0.855501428050892799644066739233e-8 0.735764545515493940217660229374e-5
-0.135890427416399217847207679912e1 -0.245490302591136691266874724450e0
-0.118305614113872112667169081617e0 -0.191443979728643305640391098643e-2

0.283457450666139329299658968713e2 0.687830969580592554143225286575e1
0.983563349946598074083609464080e1 -0.202246274957861857677313711027e2
0.150836231784623234980884575551e2 0.747337224245512728681290398298e1
0.108935397211830633732505186000e2 -0.127648055732659779219870325470e2
-0.152605998488610886374550270204e2 -0.326711625416014206441012613246e1
-0.378462196796649614909469658909e1 0.169188858474632984484351443796e2
-0.125114004956799644262220886693e2 -0.363192650647811602008337031080e1
-0.234842802204990241082172329906e1 0.176172150059714361390355055930e2
0.715331886386167470542366586802e-4 -0.643726349197529984232510091164e-4
0.870765116755051153348634114073e-1 -0.496132912267242701401662243383e-1
-0.220840383593313278054508100144e0 -0.113198948453743959393173888789e-1

-0.916277063351271360780641737748e0 0.306764894310754304471874122730e1
-0.189737680264355481129744823599e1 -0.293944438976619519711654776800e1
0.119152602317283568832605991329e2 0.118009145588193754034263268708e1
0.147827405707583319476905419118e1 0.423554653804425215089551522299e1
0.155640937803129735683325875198e1 0.981726233019871681394461473743e0
0.146808454428486084460238728955e1 0.957906463713207022683041285186e0
0.465831816519704938315297391970e1 0.129254668978851598523478263980e1
0.232636672148170949705054922635e1 -0.165426551578340762049928443866e0
0.440502558480150795393382243402e-4 0.598012677089960137185559066044e-4
-0.157567309109983942375283133768e0 0.615324058704877846402904012938e-1
-0.161838440562918145494338695407e-1 0.954756042010214796960155456787e-2

0.241181599496523447239686590402e1 0.198936042091430114001038614626e1
-0.122912475070113204296555063504e1 -0.193831273460418268571988700232e1
0.135891920820240534308999042505e2 0.127230904404671750667723345884e1
0.131750271979821910024863470669e1 0.120888998971920302155570310155e1
0.756044966666275387151296182240e0 0.953184628773775158875255519496e0
0.393483086151102522697707940998e1 0.127073104646789372150719394479e1
-0.170881087317096372568341327589e1 0.104844337454487035100275448921e1
0.221662420455729300566747844816e1 0.113407747522301316653036478139e1
0.940180630538031088706780224324e-4 0.121879939105042512241729894498e-3
-0.147159332011163490981734973332e0 -0.123608834714012972063305660350e0
-0.923559070140192922241027884095e-2 0.100011484205369007277214396482e-1

-0.117412100604070761093798463188e2 0.289993894986547426798476126320e1
-0.732532813550856089962641720413e1 -0.117202979629101098495404768565e2
0.157693016506669938825052180343e2 -0.146649503478125626362106294550e2
0.112899189157392600016185155197e2 0.142379442993165412500866208277e2
0.278382582928997158639781722494e1 0.113353086505195127253605817682e2
-0.436345587549577857588060253875e1 0.102758803900802913384028417470e2
0.168504653051760005788306771291e2 0.847858964223674017184554616397e1
-0.728457077941654909514585448199e1 -0.348066041544851432100717699452e1
0.220628848737480485940870697667e-5 -0.412999114332409839579300691363e-5
-0.120967273521297409802456625936e0 0.169716984090605597473324226334e-1
-0.956886301267461255259789969808e-1 0.200780505549216989542726590954e-1

0.653417554669136773496706555659e0 0.172209063184583235061508165553e1
-0.217188223776714490153130069041e1 -0.154752175284606418166616678371e1
0.123502945982131453915432125356e2 0.339731193812105948323895355844e0
0.109122218045516643823677884977e1 0.340766395508536275825505413263e1
0.541524553180884269427730756749e0 0.253704426977064240822206442102e1
0.190955546584779491598519813540e1 -0.415088359810818159118818956618e0
0.370751157556023523051842064900e1 0.203699545736452219837206566362e1
0.302444650990631314637666476719e1 0.100491412300658542466095079940e1
-0.129502221539205714373225713789e-3 0.120965713659095620749849338387e-3
-0.139150203705737850464627166420e0 0.700061928766496488918534750006e-1
-0.215925063045784695168988770242e-1 0.176277436072407482832681467060e-1

-0.965794648918210263853956290602e3 -0.337967569316938252564492347732e3
0.340852230411970083694501588256e3 -0.969915036466394713188008732266e3
-0.179293747034276190288692565781e3 -0.552460411240122054896887178557e3
0.555364600779767740630961897780e3 -0.183485734832249743610873606606e3
0.781987744994131990136927725401e3 0.788875989436482997962346318290e3
-0.784789065062880583776715210166e3 0.779468985440039711075990058663e3
0.681831689219409855185620332848e3 0.338088521828727731378184017996e3
-0.333992084602264142884731616344e3 0.679315043188395674330972438387e3
0.928522407451658524580861276241e-4 0.544481626387072181215592532812e-5
0.116381329291025507875423263565e2 0.256457217883577430335258993014e1
0.388536692947717727802615503676e1 0.506226046178599861094694298904e0

0.702112094575814862135960421282e1 0.433297019094914139109417582508e0
0.858085669356890115297194902767e1 0.111465173604732211114952935056e1
-0.377018567946085008769144862219e1 0.753740707758499392689328406302e0
0.603286820256614452762846716305e1 -0.242499645403411662771991391933e0
0.368015590171697562482612104428e1 0.114146992460378455917205109581e1
-0.743069719193175748131782849620e0 0.107327948410860308598903563073e0
0.668085662747486628743597577483e1 0.114029858916162570607981383533e1
-0.698420622196337537905283228208e0 0.186049072639664082144113327232e0
-0.626394014494448610002950008039e-3 0.519701896547299781026923779880e-3
0.129789735130445645338402437379e0 0.271229197088065793826994928288e-2
-0.178909621544652770401392724522e0 -0.178929547671494333394247977739e-1

0.137309357758710100398636940160e2 -0.124684312789503093363917362921e1
0.293930889712146963183697196326e1 -0.839898276019870568268687167225e0
0.243928300282915143549050290825e1 -0.123457823507264690275914527596e1
0.288500592044888492594314346382e1 -0.339023565225530775551182813014e1
-0.166451865465327808908817108757e1 0.303401969303053358931205158950e1
0.312825919271967753038930090089e1 0.256032122563842961627308845821e1
0.868293721806253453030663250719e0 0.259478514655895922508323308518e1
0.490826232766921920283760572458e1 0.318531939200588894808646232383e1
0.141693790604944148666314244287e-3 0.340466206057834167974907036447e-5
0.922279910763044870007558565974e-1 0.100535321463757828063957130698e0
-0.177493595973142078191966123379e0 -0.159817596941033254386561086008e-1

0.123505373130290775906871832646e2 0.567511587504083914889659822328e0
0.632160833477393628176029141902e1 0.198270854465377716353335138764e1
0.123892301858128410089771778159e1 0.104437218550461346163816276222e1
0.424904036699074867772616563715e1 -0.573873974986855333257949129988e0
-0.133943487118264145615950503484e1 0.706744476238646966557176610074e0
0.125450165794997357776700569140e1 -0.254843338610559450353226552741e0
0.165384792419762702747585417214e1 0.690248559260852147283240126900e0
0.152586647292642097654056242297e1 -0.728855395202828189109968462478e-1
-0.359421095129499598893890163713e-3 0.262361728844017258692850384885e-3
0.165542939024598684546012406018e0 -0.283278933878601559578955166650e-1
-0.169310634402166256551531273407e0 -0.296595700035465780888586858961e-1

-0.278457784635035435478563589917e1 0.661764030969767858881056005411e1
-0.902422764794360638854182544994e1 -0.563419760751240030416445091173e1
0.246611805393240585384197847837e1 0.467515200075695400490107018648e1
0.888498141607252024985599011108e0 -0.460527623748382558135395384662e1
0.919116924590876579637753087017e1 -0.270688853121745670630726120248e1
0.971749448664946169918693696707e1 0.643909379350501771103127786580e1
0.860983934395573637747156111196e1 -0.426067008236709059753382219340e1
0.637841241862009359081350556766e1 0.670960516710516434499409380729e1
0.866792490072832402496624501840e-4 0.133028696228457401654658927526e-3
-0.197667566648130942908027742851e0 -0.229132542043691282272631509254e0
-0.589758009656627198537653734960e-1 0.298082158669901161620031577745e-1

-0.132669115666711414336037779345e2 0.971293475141754154988791816451e1
0.228344646195888050953706690006e2 0.172531892401281842133703482560e2
-0.175137550005878785762571971368e2 0.171181339536621677778567324121e2
0.100345472075231395905013489998e2 0.147962420117614333863185230134e2
0.175918094555807821351763560651e2 -0.112627829554704188645981622005e2
-0.100208300764375402433005144116e2 -0.150964642057457319254946475254e2
0.211899965870768563120249941792e2 -0.139565325672323627909354928254e2
-0.134101525485622090618497457642e2 -0.179562142791692119529748881188e2
-0.393515511461673293121191926074e-4 -0.135876177163494509222879397651e-4
0.122075952627589976561881278916e0 -0.587366202981909538420209727402e0
-0.129783653199700955820934435640e0 -0.534794662641360631256027725322e-1

0.530729810762195383742507823043e0 0.141218784929634326075099506852e1
-0.108635806848634642353758856186e1 -0.116892116227340268762773127061e1
0.117876504425324123621305335436e2 0.105976443338434395071252366509e1
0.347883157088022676328873137930e0 0.159714241961114379962467139110e1
0.306996093542853274445229009882e1 0.118766809045896976799424423467e1
0.360757837286063850843056827807e1 0.940104337433989932134432309418e0
-0.318821477476553178892804455164e-1 0.113783670644030179938757108358e1
0.379850622745329640905263324089e1 0.130536062688678846358886359354e0
-0.623491772918780099821456957669e-4 -0.150111852044356216405812165651e-3
-0.456223341936333510678916983335e-1 -0.203224612958210063769730326820e-1
0.359144472188583369067449409717e-2 0.122837885886616460856797522251e-1

0.538845013976954129220053277521e1 0.847329402589009868529521614911e0
0.443742149626957915611832079285e1 0.388366734683459329141233788487e0
-0.599265096119557489786749110946e1 0.883814895614404097621573872833e0
0.429539657144095237343685039218e1 -0.253538122956733273384904338136e1
0.605500233086742181528150374141e1 0.120529898875837590840775522858e1
0.184876359102301712951595391710e1 0.893193328222545589540103534320e0
0.961232110844746388232524183563e1 0.677833692277073697418103764141e0
0.276301319928014367059285497304e1 0.294554553789070245101556135251e1
0.139468813038350492888879080470e-3 -0.344255553447776625823344137943e-3
0.725553731380158089323079725233e-2 0.130573426947034251634866320194e0
-0.191191858026465019694349461711e0 -0.157099098384469621892699947575e-2

-0.573531055713219228248060313778e1 0.103507753433254956629815917583e1
0.283364963726034751988641743122e1 -0.436518257656622495388625354323e1
0.663127307576823015139356055638e1 0.855995379107342455643100339953e0
0.322481955186269097091068348827e1 0.129638383506320232339723281277e1
0.863372044072051226890677203796e1 0.221936823916925490810954562129e1
-0.377592812397861455729421039937e0 0.250796055090023067632734295554e1
0.573124692118563078587634627888e1 0.211453124897969868836906893054e1
0.468552177978500260511590679597e0 0.214834536514160591102669581549e1
-0.208167696980808413474010985144e-3 0.349611046382330894714065247451e-3
-0.222387977581503560153430575439e0 0.793274108630823017356247918404e-1
-0.476773872655443984198856173767e-1 0.272883605418337949128596708469e-1

-0.185085100644083606164925005144e1 0.366762276631087494113072966306e1
-0.407638328453256311151657072020e1 -0.195316678007962586363749508985e1
0.922788847988962378981888800712e1 0.181537873152265734022113811320e1
0.547915301851848650964471283276e0 0.248437736703666333194424874747e1
0.357453464466865715955790798638e1 0.603527836230956495478614236900e0
0.340667513168930188734052111934e1 0.372716434987714413890170662519e0
0.673865678415414816511114648142e1 0.265928309397686797381039458786e0
0.424918782949408910532544721451e1 0.164059778551957475739720433923e1
0.292913536575354577807741539071e-2 -0.119707258841563365115583464321e-2
-0.832852214597119597922801370035e-1 0.339224322062650829080402916511e-1
-0.384450001856538665907228335984e-1 0.238361438224482910170172504752e-1

0.436164183045790626499088541626e2 0.701450116876095751334477094284e2
-0.680106636280951070101614962896e2 0.353083915043256445626120903772e2
0.166737901152523175295307988320e2 0.761629036049537167420130748364e2
-0.745664708927560481675216085348e2 0.105764526496614315047563276164e2
-0.264667448048443962700038246938e2 -0.967499456057887646049693819379e2
0.614094966491049884839650588471e2 -0.220757541766682427827620641126e2
-0.468035826201028157090705543017e1 -0.616222719770604241567773330273e2
0.966297004594972165247501255034e2 -0.438049037337239476252205581416e2
0.135762268423679173058794554962e-5 0.114856669650524898254207745141e-5
-0.111224510296099256998491900619e0 0.360164010486164641507438271762e-2
-0.248803455091464375622446287606e-1 0.267133418825347301489980814286e0

0.185180089074280410756594189736e1 0.163586048687244701128289375990e1
0.122158982481633922043642966186e1 -0.669568051584513765426950721021e0
0.133469559582352876939585856007e2 0.156624319016113721035972335041e1
0.146081017784527112654360169284e1 0.267572264355694451155778951618e1
0.117584541524047699550307779768e1 0.772502645291659648272587673207e0
0.223245396256383923529722385207e1 0.133333530312655538620871580155e0
-0.192227066248790024604128532048e1 0.101163716330798094743548774293e1
0.151262181248783344868255374884e1 -0.895887649830471634189649314830e0
0.342340043156178533531300073021e-3 0.113456019286875941126937536674e-3
-0.120661551714663722663321329027e0 -0.955503408395975141930681846913e-1
-0.156603998709992926270111070735e-1 0.405384494652620993647405537071e-2

-0.401802943709598771335810273556e1 0.305676473422277058372433391449e1
0.548733345305696956814944128097e0 -0.113574809891013650234372636423e1
0.824428360397785703145475731141e1 0.186957956132253247410385094690e1
0.303953067550288571537579246317e1 0.470882064674192893264860989934e1
0.438063494355894618777356086602e1 0.737105059304294229721537236535e0
0.717744179818641659310189097041e0 -0.122334181089071408047399163627e1
0.710961153397896192754520982373e1 0.117525901118921096474257436166e1
-0.816019585830578098038793799078e0 -0.443748561608398195226508296253e0
0.276582644675098297154317551232e-3 -0.105492653357300505088067491169e-3
-0.718793454199961581248040982179e-1 -0.434821702288352565843700280651e-1
-0.533551759619831349908081579713e-1 0.167552955719985240503045378924e-1

0.929303634390045342399371892100e1 -0.124761752997882425636959950678e1
0.690634423615556550096108855808e1 0.431381053777132423603089454888e1
-0.403107032058133055501592813044e1 0.104701732433194321476991307511e1
0.312950611965732588130351449269e1 -0.378130993385255792317583220957e1
0.503517908757541477279803754971e1 0.974712166593294240946071952011e0
0.384950666361144854770793300815e1 -0.886181391622488091521123016177e0
0.164213921424997722260779421528e1 0.581970542565873000757967066323e0
0.307478183820822583381516849783e1 0.833897721043164538607605300485e0
-0.237423416861580648668467558683e-4 -0.304814245587761081444885338702e-3
-0.131815955105003106084230142185e0 -0.509489668571402660047726292720e-1
-0.231030271690511581197322511443e0 -0.103405208852370432869261574508e-1

-0.370207117571418755380396691513e1 -0.268025280694188594496287936078e2
0.463395812029582967274570635531e2 -0.218071229868289368066854297547e2
-0.225110282569832741926376346262e2 -0.352776840471522492373267736100e2
0.364352470569035592408868948692e2 -0.571226565553151600013243578921e1
0.178302161786456057437130370739e2 0.400567276957402248708802672204e2
-0.365646032103861344307664066143e2 0.162601473553150577784214937400e2
0.218482021017342120408820298550e2 0.335280292131517316955319361891e2
-0.295355662525523886839304466004e2 0.199921263954729182439421032362e2
0.746573301397947907325546627995e-5 -0.994735138737834795718243125479e-5
0.625268691711886795352519297569e0 -0.211595751846037574169671273262e0
-0.122717162403632436178689980802e0 0.883300001362998319393731568474e-3

0.663422263601881889376499813654e1 -0.279907968487672747774406427277e0
0.526414321871227856480142460152e1 0.183821201385979534204408755236e1
-0.522310967480828807566339117396e1 0.430236340049329590585734166116e0
0.348002457066768047082110186311e1 -0.288143881440467360984417256837e1
0.653278904316153147532982449005e1 -0.122732183852035881921147313637e0
0.490501306486362233402761813270e1 0.123981765162826683284678037268e1
0.408913274955530912916758244493e1 0.153389358115434314979446020827e1
0.210173215620072818631274907063e1 -0.204284494645393017763805007354e0
-0.242794901244238038835723399704e-3 0.172173751526314711250685540397e-3
-0.270143316670695525809481297492e0 -0.147148116157230055335105304426e0
-0.202778737526541862584027376084e0 -0.413357563253432781315392455316e-2

0.105720191547385419541022328971e2 -0.514837829394142160574947433403e0
0.617384298998563974318237376555e1 0.187662409626364138986326878264e1
-0.968932795775264218126800588440e0 0.690747358447038112848049123690e0
0.308452554516810218708740887769e1 -0.262715415691227762431372544855e1
0.290583070231097551305113413662e1 -0.473708510428597035821779125071e0
0.469419481860589889457650653687e1 0.162556656350350283562047875254e1
-0.991648678301262997377312367952e0 0.131705969420406209743487742752e1
0.231819553758177740368252224084e1 -0.131192681402118926246871794614e1
-0.914154653271492061768931743548e-4 -0.772136250109690045851065958548e-5
-0.312456372615461993599906549376e0 -0.597956000234190785486537460881e-1
-0.180696788725630320659635538855e0 -0.216193880861392703776818972582e-1

0.158330337288029241104860578218e2 -0.175468762820341544964755288467e1
-0.113200389836198029269683926263e1 -0.240280357302956547445381277294e1
0.559757447786803198549764197934e1 -0.246552422722979850535789717337e1
0.327943745492321055901757482781e1 -0.405209197125103606535742476016e1
-0.858873618295089361340567065981e1 0.543941507392455591369441692476e1
0.442388196796604410795835961689e1 -0.179390092211978514645810989403e1
0.375502055586880527187206566634e1 0.762997255794651537417199163240e1
0.216790201721849593876436284644e1 0.101918920793685611233842606947e2
0.897105827764701291741719083285e-5 -0.275270759197860584038523369476e-4
-0.575814184511636224549851884071e-1 -0.270354725033570977791022338636e-2
-0.151610566946981994006406157734e0 -0.162673334511515507226489483050e-1

0.102972364087226610832779270693e2 -0.204961569150183299257714461379e1
0.677897106531341229416008089548e1 0.275266217558242260167434480917e1
-0.149591539337034050373224103094e1 -0.495203321949117118225884782989e0
0.330004021754406686182379639901e1 -0.251660641276568498134411281600e1
0.321818702643883020558307971049e1 0.164797908087806114211105759494e1
0.357449900302139497112904526256e1 0.686181822865216293356789490044e0
0.568674466043078572948464320216e-2 0.211005051132907445104938740970e1
0.255918850235913319959519952967e1 -0.775838514319702178943575100606e0
0.136077715715420789434411605559e-3 0.692096988851432163564789203751e-4
-0.351584113195937327823421465743e0 -0.766517377676875798277553481108e-1
-0.175845993591282193778063747817e0 -0.144534314453263718877622119640e-1

-0.774444352675375347655232036588e1 0.109953145972915205323422118417e2
-0.121593744234241854104832270651e2 -0.105990000612457759498759501197e2
-0.112337852880409222814501500768e1 0.811112141295153227956465266865e1
-0.269616899465287563588857569149e1 -0.858103366667729971083190355496e1
0.154705161785392076424407293257e2 -0.739755316442957982380824085866e1
0.106630977466271954915161934510e2 0.101744620751962306945599643937e2
0.130516540750541517553553540406e2 -0.633377769976950265901490925808e1
0.130056007407546381300734185785e2 0.112729136735652347055836871029e2
-0.947140847819530073310651342353e-4 -0.714800622562438148324789755163e-5
-0.177034983215699738575508298579e0 0.204173029743392646058087737256e0
-0.593718321623479638271870401009e-1 0.214110418766750799763039909675e-1

0.119356813384887294928873395523e2 0.258998302970284831150858084641e1
0.974226422451261253016173582707e1 -0.858702164948255414964308228724e0
0.127774599473223757600193638835e1 0.292449639767103186327482279074e1
0.675197740852172049560123941864e1 -0.205096968536191708768102790906e1
-0.818920948623332521224740246492e0 0.139870960220486231668221073789e0
-0.282084156638924563125953942634e1 0.155269384749780193926003937394e1
0.214090410381205823425201468500e1 -0.148922654438879423173754395315e1
-0.275082132783399533493829383453e0 0.344676268344150580273642371587e1
0.115916985542274369725085373341e-3 -0.751723255243972460943843847165e-4
0.674871079859899159756999463785e-1 0.415885950629304558015129892463e-1
-0.179297520451044518412053518342e0 -0.286601562274229530608711062303e-1

0.109789804284191210025247034333e2 -0.739153087165383423766809406769e0
0.761838589035963611898696902094e1 0.268971182950407752872281569467e1
-0.617390000557949702134644520698e0 0.853300171364695746908331887041e0
0.390492187249608147584244977256e1 -0.228318619452759550855177067621e1
0.213097692845140171745116580206e1 0.426356588147611320116170551071e0
0.294373958993765439629318439975e1 0.401761291326946845078727484743e0
-0.735985388933113366766529389803e0 0.984522267596868036217349692133e0
0.144812141491485163513039659380e1 -0.668190917440471735729830179569e0
-0.173639437282378246777366771282e-3 -0.439774080981628778877451075909e-3
-0.327683293400481548325249706787e0 -0.487945946113235528412852734905e-1
-0.186261340207309543748018791924e0 -0.277777489987227087533972163712e-1

0.449559477407580767980167225774e0 0.212105122977898818482194705046e1
0.414885083066938097991758166158e1 -0.145563597494730376520552072509e1
0.123268848611931399942881903050e2 0.276580274164738203414452458283e1
0.252670470537367384493837570083e1 0.326522324897285864622877724790e1
0.295376166461957635743886381945e1 -0.786853605200422800597597646203e-1
-0.406715277979337945004555814313e-1 0.136647963446180189258144975500e1
-0.171425224680575608671956430263e1 -0.417985784495766449082281725492e0
0.400822472697094413265983922930e0 -0.222101894421714014097177573835e1
0.138619182995044762883566070980e-3 -0.145123872926717028390849525658e-3
-0.436536800785957106716228904848e-1 -0.153866891086492061202938290290e0
-0.268705550368531320754191971573e-1 -0.445883405808028247357247932534e-2

0.104710594107971636221882241244e2 -0.694344380738313681655863739161e0
0.527758512067199486800695954950e1 0.145655144034602471887909526051e1
-0.814652401241991528969676899950e0 -0.398106615691740261641025579331e0
0.407480555551902347486573558065e1 -0.132305518169780200135384935797e1
0.743027104758201540076755065682e0 0.216911833622678694253823811201e1
0.191993602665186694380709166672e1 0.138484763925975027660992807360e0
0.384940197507160480867916246280e1 0.211551827997377048451535409814e1
0.212081162774749634758551527790e1 0.967365259534248389477003487403e0
0.468587139332829563258356518802e-4 0.666624570553180616279895477681e-4
0.184706020785214489866982992958e0 0.272597088230068874130258823976e-1
-0.153053967631018483458013872493e0 -0.153629973710984169225195007980e-1

-0.487782964599421817279620404280e1 0.290878168219240610130891719399e1
-0.172771433375328304008245564049e1 -0.191392738912660741222689014264e1
0.665993861134767844450272586036e1 0.167700857683512855000483323326e1
0.141347761249528958381252901128e1 0.261044198352872992160484432825e1
0.678905593463893387548707208376e1 -0.708159620003298779438078988153e0
0.474017689933829800494110855955e1 0.310101337445239563844401072130e0
0.589430468981108359711304283258e1 0.203753899721380682746217437369e1
0.726094775910682316145317952643e0 -0.301923324765539295439159096309e0
0.180193686775562599522509964403e-3 -0.771162052424477582522881256262e-4
-0.226473120322186852310192320054e0 -0.107186121775158493808696899793e0
-0.444961665271772435547882179117e-1 0.230593699645157733047356406957e-1

0.109402301769549359942801065281e2 -0.135014285630751545579252045654e1
0.719689407815209770508155853734e1 0.403128697578203113763153894067e1
-0.962373214544978629360274125156e0 0.774486028204320537114963632851e0
0.289935970860491394948643695502e1 -0.185316042868022401638118424455e1
0.252315675350571230112178938128e1 0.552267024099299388420006711483e0
0.352124114693604850760685223658e1 -0.367317344859688707008619129406e0
-0.762808669150303372025781443400e0 0.952008171870241210801728173916e0
0.266742689635579616938202771850e1 -0.190574984196952800661119609460e1
0.607434663737129006460304010465e-3 0.887274139900335035062265920224e-3
-0.341708703883379639973318388109e0 -0.338361645307110264340206699936e-1
-0.177886651358619402700209503883e0 -0.239168712109798124604855246233e-1

-0.183611823573588112948985765061e2 0.286163908371773385226305272231e1
0.268867752165352757592055961418e2 0.834852826105325355319409732343e1
-0.132619455064204833026257198415e2 0.251783347107862244860301686828e2
0.210533464693220636863184731329e1 0.129405985409508123241378424480e2
0.187229312201603804216497193435e2 -0.124297766159356453200343509036e2
-0.131796145519893363688441887924e2 -0.152279967501550877415986882506e2
0.193633198677337927353316525595e2 -0.880293296362810624281292814415e1
-0.849034824665798699695718662207e1 -0.157232958759097559088992791615e2
-0.490373349330571809746844505841e-5 0.194809461810386968431023815504e-4
0.516097989589304036145177538399e0 0.330283308475794790196988841537e0
-0.102911270298596187783936693350e0 -0.256757597655946501893808985689e-1

-0.428205005067322574426264806459e1 0.200185867714118127841532415847e1
-0.868824725173651497614929232081e0 -0.151843018140207717883670605487e1
0.731597989959078767785826328740e1 0.123717333312242615185403112289e1
0.125489415371012486340038007611e1 0.265766092493065652343953021510e1
0.681964849023794216411190787430e1 0.236137685979697957855591352423e1
0.546859439906426515087541783952e0 0.550291090956639874076428549929e0
0.778981444254202574216481179238e1 0.164438425729164952055697882015e0
0.418399073874278759144603010165e1 0.113630096877511384914006559328e1
-0.184058446443746274958921699206e-3 0.883061829284979454403067679106e-4
-0.380622846775129659858988405496e-1 0.129478063666580532341374906862e0
-0.474051508434550727555353971168e-1 0.258483353327915781823874736849e-1

0.698365182310946054004263567290e1 -0.942277152628454452727496349812e1
0.135739149842233048277422793567e2 0.693927420547582259743346521287e1
0.164558108499637881864659521486e2 -0.749673538158626281161865021724e1
0.703405327298767347822531271112e1 0.972889292519712948463735433325e1
-0.582489236010992707784935339666e1 0.117893552352770740277056906620e2
-0.577110252088023834317572869333e1 -0.794960143675450732646842489356e1
-0.695140366392277938712921370701e1 0.104380359649865480734708274018e2
-0.890058348932822486513042950767e1 -0.746317047635235476844436254255e1
0.849700551910195684212166813955e-4 -0.243563383390140462041602046375e-4
-0.256665353972650580009697209918e0 -0.271516085874674881414764481926e0
-0.649100467201986314080226408063e-1 0.101117532169479924822955707863e-1

0.294964996467587979866835672172e2 -0.148987840669334215181062658356e1
-0.170675665157683209085332927700e-1 -0.211375909815216162781047662395e2
0.180150353119553547470044873299e2 0.142187486593516421857202933244e1
0.566438475590056909996375847351e1 -0.152533224082331187240766687206e2
-0.165739857221672885361751429151e2 0.278023911243265906807813333456e1
0.588787510648103804598524425615e1 0.177908993722917905129701430810e2
-0.155160319975143407131391774699e2 0.425160552370631152870015177743e1
0.268142308729834615830354079412e1 0.182763697818982877912260256220e2
-0.572803950917164247366206206889e-4 -0.538149378014569175509186056328e-4
0.570735369504066987880610682216e-1 -0.123615333770983575512856432225e0
-0.199267601234084995886567413384e0 0.267771774022739889292589571726e-1

-0.344668265492634161631791785231e1 0.300266056596862369736421163224e1
-0.232082093223940572710904965063e1 -0.213205391521788250948349703815e1
0.809282220891032934000597148608e1 0.142963552093109583466809695003e1
0.141334253876194741023623307222e1 0.272898934095210788531189751445e1
0.498379108945544548520579283829e1 0.162242391178134005770544496542e1
0.156858273350165322429612569182e1 0.222766936857795366107372161168e0
0.811649165075886649452136989005e1 0.623608957195218432770148665202e0
0.336364456481363492652706955463e1 0.196587578931624648222674377990e1
-0.441071747693273012049107468245e-3 0.685410535533745312764239948430e-3
-0.396409202856829655877794619851e-1 0.550597253428017542751073488737e-1
-0.519470264170021020098902637205e-1 0.287139702109483072522599647505e-1

-0.149072472207715233980002777928e1 0.742499093587486272571675267379e1
-0.136014254566382307001346623028e2 -0.357492453917864354030810233718e1
-0.540416176217427344050563818464e1 0.157272727762861234339719006933e2
-0.167793222332424401474447078147e0 -0.115633389259093801998709176481e1
-0.116167183241163059297143656302e2 -0.294032656537832481116680607472e1
0.691133097256602237453155270261e1 -0.238381338143026874507407635371e2
0.391274945609289821847324786564e2 0.889649809306434359833473859071e1
-0.494515763999049747783197539173e1 0.268219199316988289868964438042e2
0.375141257348534164288012276825e-5 -0.175774563679071052734096083518e-5
-0.110158417420671035504299427247e0 -0.920254876276468421437555995769e-2
-0.117125467199510441928100202141e0 -0.305748924851998706666844799194e-1

0.911710584582864219614160006037e1 -0.151352552642065019095746815427e1
0.896374275633350034840124200415e1 0.254180017322827288872486843648e1
-0.197583734845830979732452639289e1 0.261963280532193095511818171531e0
0.446345987718885171320711789148e1 -0.183467948517125214623852528713e1
0.381941480250080541856591496502e1 0.121650514598148930648440869503e1
0.173490448943704500880056652222e1 0.384885086283287557755798958360e0
0.649222850736502300126228788383e0 0.166736771118352436663853199566e1
0.701802918675676931409672538236e0 -0.998638969828570689121221468989e0
-0.195120237394252137164901189803e-2 0.142147523526006825751003182620e-2
-0.305063241787236066905887077350e0 -0.384256506742258319096507507171e-1
-0.188216958033778588656246252933e0 -0.249993583472394285862059728120e-1

0.841417683701706175658352115272e1 -0.425397216268349725566148895058e0
0.408746502380596898554213684035e1 0.383098770868190964048634325685e1
-0.452820334554235473291010026691e1 0.104421947314620401889171168882e1
0.143410127781749268296447072905e1 -0.333739919107642590420149454062e1
0.626919245540278638883255726516e1 0.653139297539830618582497250673e-1
0.523105838203915013363057492748e1 0.724893211105575541610660831067e0
0.306317178956265785697562736525e1 -0.358963811992100651295223280409e0
0.618901477092575567239984801695e1 -0.695049516845622499908108636444e0
0.300352571863715131628008656895e-3 -0.367075615357267016344797197572e-3
-0.205785515608683351275865990273e0 -0.676684870781916385293223317818e-1
-0.202468093436844816628635517704e0 0.570738112436025594404240851100e-2

0.703305321143061121189068287290e1 -0.750484333212824351004707203187e0
0.630978974508645328001316470111e1 0.271837315270010863334213437688e1
-0.513891646986159723291001112004e1 0.486952392896065212898556972922e0
0.367127613625705735008850315050e1 -0.299015996318453008083823184801e1
0.655156565387782152037874328073e1 0.693079710421479559618655687511e0
0.377196268301632061167633208650e1 0.637270216026816359298816827234e0
0.381614300524982576905713060898e1 0.971520833596829084449422229819e0
0.239345869252969954869936902059e1 0.847479455802871234114985991290e-1
-0.464597753663938426603863643721e-3 -0.279836827939000779743477683769e-3
-0.280076905722186599028952640342e0 -0.989975935984764208363879524713e-1
-0.204896091328755959231563291416e0 -0.108249424727904411494610107889e-1

-0.949976423585047427103862393493e1 0.376239518053806377766302350337e2
-0.356109489332453601970553223283e2 -0.145399553855506344485558984700e2
-0.481303869885338513132313168740e0 0.220942837018874848660631290830e2
-0.172059690912612431616073561828e2 -0.693040093396326944178342910658e1
0.157998148536652151511999204391e2 -0.335384677425695008497425430532e2
0.225613504291794371288353515941e2 0.153639773546802474885049978212e2
0.233080920146232342747827771514e2 -0.213311057242173381404971545807e2
0.350363834805645392746857914565e2 0.801680183535259794847025494276e1
0.241011910084664059467084905655e-6 -0.740167735353601922939888381963e-5
-0.114741254010822980572753661338e0 0.490574915765938145053433251886e-2
-0.120973088787645943097631300670e0 -0.291170334476320709799537975625e-1

0.609737198869937613349521436019e-2 0.183957443201698170672148737742e1
-0.400813585851333449796850455369e1 -0.161252674107139553638222739989e0
0.107029556329918836194684318360e2 0.150947116345741685042160304353e1
-0.114357997396157985781622614306e1 0.107142283217926515677302800647e1
0.394523363519073720046530460520e1 0.448434673443702472193454609950e0
0.626585143754933307640771683200e1 0.474788254745865491957850406275e0
0.967077875274597330073071559188e0 0.531709255437350877700884702188e0
0.569478049332297230472144589309e1 0.405082786301678344067352743161e-1
0.113026958639716546130973176151e-2 -0.768591919563922261814899158896e-3
-0.119581365032998770339337521756e0 -0.497698052316381673680170919292e-1
-0.614720579622367616873365190369e-2 0.161518069685138429396148395641e-1

0.577819978681841275181260257243e1 0.148862281712083952891612193263e1
0.110970100602177743564593050638e1 0.377805437961403534810650240897e0
-0.569560042027754623093888858384e1 0.834648296747446813376765950665e0
0.310174027442778269641164613827e1 -0.338897421658824836024213152495e1
0.596578756926645894011697929844e1 -0.284884675156251439234826169288e0
0.600768262830308385126514774539e1 0.149156321366079288265620136684e1
0.821625949941941627658130851782e1 0.967006672038284669877050832525e0
0.342133165566673288114276079530e1 0.258087644541868602491030130288e1
-0.326437356937533043805173678621e-3 -0.231771697019189154036871264300e-4
-0.162654458961892879838760048364e0 -0.433483120724800997654255135643e-1
-0.200121866457307482108786245259e0 -0.681595239919885610663361202450e-2

0.828215179830282085497435376572e1 -0.120059959508116893077821596033e1
0.980962875410089581559747493250e1 -0.402270724846948481659931679998e0
-0.225343829886493725231983987126e1 -0.124501127389714234061208537049e1
0.664337669244117225415590508229e1 -0.254492457539040756486270873218e0
0.240263919936183348683631548048e1 0.300970151519359312677547353612e1
-0.211870419339020989119668847048e1 0.125184772137167593335432168196e1
0.532692469654934779345340370013e1 0.322787600591553343654201122643e1
-0.115298422630597284708033350171e1 0.591196061656338803026301216147e0
0.280078590920470247518792503114e-3 0.308064874878856367437819058038e-3
0.213332142999402848179877202854e0 0.744084422381172566634082079141e-1
-0.178615533175677100150898043275e0 -0.160133386172490899294487067396e-1

0.462350472468042805848366118247e2 0.195470233237234553466056352229e0
0.217658252906191685806624084332e1 -0.392382314023946965469750609516e2
0.306998061924499374334578786818e2 0.512262185078352158637796339913e1
0.868303886656534054993113822583e1 -0.274738416763423452665892477745e2
-0.283668528958699881496950746628e2 0.196756551617680068861065697940e1
0.282383319171832645217906344658e1 0.338089935013033971964093843328e2
-0.311610271913954098161695027487e2 0.127802366358434584535433645346e1
0.453657946639087322303339560167e1 0.326840749137144824943178378869e2
0.404217857176376511690469363776e-5 0.589336949454764184749227385784e-4
-0.419155338834070458437117850608e0 0.235221930121412618908983708046e0
-0.268653124166337520849330019563e0 0.395892460767868950460912715485e-1

0.657472016120400986679505259582e1 -0.663357041466002793355554527007e1
0.137527990121753525677445168267e2 -0.197926409267821045761456403800e1
-0.385965608462718812965831268936e1 -0.665311531334408833884070598757e1
0.102703280767176799508867944908e2 -0.192070256256472644516424966691e1
0.486820756513399427255076395638e1 0.872669734361383795971389486293e1
-0.337348931582699389736247584037e1 0.263184525606722478048416113916e1
0.391789389805748403007709429627e1 0.858934022413190487062497291170e1
-0.622267688851746752233315724993e1 0.267765913970377355114869421112e1
-0.132119575361386013360505077423e-3 0.114463437963243335891197313018e-4
-0.280858715441429161497245932876e0 -0.220588670994379021825199117789e0
-0.186493012934053981894107760661e0 -0.163830742188615386732918088192e-1

0.4472513556840569306911181086644911940503e4 -0.3712689573971528014224538207451968376665e4
-0.3710787190511642343169748283029638026237e4 -0.4467665956073622985924997624949402548839e4
0.3261459301713159233715510732551378680659e4 -0.2182685878396141653454827961700841526720e4
-0.2180759183952086112658700044064090169430e4 -0.3256630943679482520910618690050778199175e4
-0.3513142829377758782427057063380477960679e4 0.2797162702341053490564195368934508540162e4
0.2798250067154470653975884539595491510854e4 0.3516309952561124066777593510678924535362e4
-0.3196361456784366468216483463481728317428e4 0.3612107452103656233111454614160017044926e4
0.3613199613929976990115399388822956000962e4 0.3199530444628357629566211689840388683282e4
-0.1159266125459849739387569950136961261867e-3 0.4011489834275999747240683606481216482796e-4
0.5612956187518691104528573481218342218612e2 0.8660859654883631463105754265426817321958e2
-0.1331108275663933632138177755426586966978e2 0.1641931302219095560113194925516109537990e2

0.819271757483532771036373610738e1 0.198689599979539377351181865844e-1
0.731098447098174767903100990002e1 0.173802441840185316159882133581e1
-0.264875814304811314940432381030e1 0.177018212946886914215390418295e1
0.256572603176110497321794179379e1 -0.226091009034265472997535606126e1
0.648270585903251390548180448591e1 -0.273566591369276775348547704441e1
0.549324147367753699505939592720e1 0.340998217040084948551892215429e1
-0.196663958459853505674206638169e1 0.759896387115553545723552384894e-1
0.250939207360383250342602114402e1 -0.455176316104268485400750754146e1
-0.917402678186829932637076570674e-4 0.112530852075774188398959292407e-3
-0.196047583438050955835577233227e0 -0.108951060944711930780276154995e-1
-0.200935337619266889504571324581e0 -0.300625946369167681549727408495e-1

0.182189786580881375726364872535e1 0.216016346610430517287522545287e1
-0.207609069830397543096690786696e1 -0.155078462523263794965768555819e1
0.128845257986572602250627301778e2 0.100445158467180795894154314654e1
0.149633115193789018812174297176e1 0.202807897985766555229037231132e1
0.633582305535430472985511611932e0 0.907525128254965575346688344264e0
0.448527250453345748454013341611e1 0.681372350114445463553541946932e0
-0.216018348897283266470011216659e0 0.140220314689701831166417714689e1
0.156233569042832233509095664550e1 0.537585879485440220926860459482e0
0.441012796714266141017469071442e-4 0.377836994371750408126302772625e-4
-0.124190970622823249669466872372e0 -0.158974368582631726481156282779e0
-0.867334451898182173967853437458e-2 0.124960650164652719766236087578e-1

0.261776384131020981451606476671e0 0.318654614047864348370993578085e1
-0.179499708956997103717487193696e1 -0.202087607278676136689153314804e1
0.122651795938474501948802505849e2 0.172460675827462754852652088080e1
0.136146508644966083056139452000e1 0.353859110729751401217037984178e1
0.799326820418760155509039342352e0 0.952005826704781718910849984193e0
0.167052150672521730029952189503e1 0.339997428346037000808558801063e-1
0.376194227139906875237161045662e1 0.742529206707596546523845742620e0
0.254697357324968292953453947296e1 0.742080303912803683050197521837e0
0.289142882244680905001788051065e-3 -0.792318443625898903355638619673e-4
-0.135071936894692367115335178424e0 0.947510021121883070357195626305e-1
-0.172483884459321639295740761733e-1 0.607733963596626880361460236167e-2

0.162482486517343716670978349998e-1 0.188588975899427661651361064163e1
0.167228709296282020763306339712e0 -0.125697137662783623212981044831e1
0.122333274840744472681372820763e2 0.927878042821566809585136179748e0
0.224714759980958185253696680454e1 0.437022163475774397056757768621e1
0.436017549936496139035001938534e0 0.232017737723277885464867287987e1
0.184086052151782964142001748090e0 -0.133232402040803541777899545226e1
0.389777597365135720719595853077e1 0.199166068684630500233309860849e1
0.812867475024493424228908177756e0 0.476325820232254907401407987990e0
-0.871551181691188083315613080545e-3 -0.210665216230166680407038484221e-3
-0.149361875121612762341103720551e0 0.106589542720883566506904356122e0
-0.238898876458893276095613118020e-1 0.549481535443580701918059172738e-2

-0.295045194493617022099648083060e3 -0.262072651941531407175582129441e3
0.264973845587487655547756462930e3 -0.299128616982817704799721990240e3
0.131029485025334370416641228944e3 -0.210351714906525659169339815462e3
0.213235914092492686268063814815e3 0.126806108949195145957822372941e3
-0.331216960385899024715623054816e2 0.301696807026814611621386764131e3
-0.297617354449645214881941952907e3 -0.356245488391236640652816240277e2
0.154291411124893973259858847464e3 0.457606104488617988131299702562e3
-0.453538457594674024187026732446e3 0.151774368200439601614810538250e3
-0.813366128965855692894627654467e-4 -0.998194889896906183979615703580e-4
-0.605885061365900634425345035932e1 0.275522999275989737134761228136e1
0.174827118373632638512972681997e1 0.100634031843907327366469900137e1

0.277415509924543334617479931024e1 -0.199681745069704397866398157531e1
0.795412026879683953474997769991e1 -0.580193455076796096345495696363e1
-0.811261355062577370949876254487e1 -0.190581948501498044528005907237e1
0.627097417420117273392011267354e1 -0.639051910868034439438182511148e1
0.108967196016977374095867935491e2 0.386374082001582573937546295104e1
-0.307616982113413038701858713923e0 0.684082041238317604029665463714e1
0.877866316928044826021612774419e1 0.370359734672171470257038016917e1
0.182889597969132543371562283885e1 0.668206035813397651042872395697e1
0.164964950078132925464370716160e-3 -0.158873906629683012794724140181e-4
-0.208341281545665029938239160843e0 0.158347527514368756753943662521e0
-0.188284040324383914421394484353e0 -0.209199355314682401860864975247e-1

0.178795679078983227884105697309e0 0.377372771617826512209809098892e1
0.248416113673315732482576932369e1 -0.260231008940411923945039572099e1
0.125692586314504444637385019124e2 0.341874447632265306192360626307e1
0.325001017193945874293396864904e1 0.314086706424852978767223765584e1
0.143361544558662743274065376664e1 0.122940023276428405250345607506e1
-0.267833423462137056726301160052e1 0.650921388504434421541085941071e0
0.318531066711793131541311793454e1 -0.175567137051176342677295972299e1
0.138360590464093105910873579922e1 0.193822141856767400060655396203e1
-0.125377036822419132517543291669e-3 -0.310101719655478146399415873728e-4
-0.364384201395454507287969069858e-1 0.140491901310048566208453654276e0
-0.351947332350166660669552058306e-1 0.121905585263883198822373723513e-1

0.742001669100439752234857365263e1 0.455163185898715984437606433516e1
0.120410223585872775650240871434e2 0.188696696228673204432881299952e1
-0.281893290744303464441702836354e1 0.499076469495705280361750672898e1
0.785638046585506955689072191798e1 0.812500116670140778174689828984e0
0.244527932301158751655982914863e1 -0.294476390230990270289097340306e1
-0.300914399328624400060688644887e1 -0.122863647382850798320391014977e1
0.537782828150954616182536554719e1 -0.263809403425753020016131347378e1
-0.409530951222295657289473863891e1 -0.400655483380502266842325574054e0
-0.193523023773602902990636790391e-3 -0.678305506450972087948697971630e-4
0.570748230735295846388808164231e-1 -0.223174212557916982618135528342e-1
-0.176329025935952779939954430613e0 -0.258538825096593929518202049221e-1

-0.149503468772995151633954827252e2 -0.394019737919402342305616545770e1
0.308129686655193379320997723619e2 0.262090894426386269616030285630e2
-0.316044366155620459274811822940e2 0.216624629196563755997463679321e2
0.354346962710114659173104996158e1 0.105729752054612332386747099780e2
0.260449373680081981631090306336e2 -0.821142972161670424400537904364e1
-0.707775613699084276391464534068e1 -0.245643097104936843280464499869e2
0.216143058782135162708056590256e2 -0.999784424038268211649848779726e1
-0.931958134611019934655453246691e1 -0.210337291868764408804452407952e2
0.643121583643202087269010583673e-5 -0.131403528022789319659650629900e-4
-0.122796959377552950035041453763e1 0.127351274642602253824302868002e0
-0.119358222672401999968524595256e0 -0.177103257278464510491387915872e-1

0.888113538030854354829760237005e1 0.123970339337061078870279833760e1
0.965564287061351869789768717779e1 0.146872622031971579300943407614e1
-0.161466730862033787161004445045e1 0.266667746714364009161771699055e1
0.488708051639202565033457868032e1 -0.167210265177834405853207311705e1
0.392644283505646882965516933749e1 -0.206837343497712487537393467537e1
0.178126327273293726964836902390e1 0.150009731895171781834903814117e1
-0.296592674975926690409694599471e0 -0.395172121782926763513936438065e0
-0.378829397731795985909421118212e0 -0.177105333938171464693799952182e1
-0.866743817114137903543894695435e-4 0.155401751678247837696698771204e-3
-0.289149865789446229039433396058e0 -0.776739743508812434256064422424e-1
-0.189572546407793077559275903443e0 -0.228654128370807733488103307694e-1

0.203084647746378504518068501149e2 0.602543958315749961415251163136e1
0.177753433394615755939678024737e2 -0.154904968605893654787760391023e2
0.233996536836331586568172867966e2 0.406298393088248261157310014100e1
0.702294426699863464123572909572e1 -0.160546798960054920338519240614e2
0.219028880907212209953859269639e2 -0.239372107360784318432478965423e0
-0.111742008658879129067809940210e2 0.554759891868302248922769422530e2
-0.450199817287566168850276416721e2 -0.403231238435146112444043828354e2
0.289392132144311671105718429112e2 -0.113973937155495809683457260980e2
0.287904701714335241578795309121e-5 -0.229964460439663973407004176888e-5
-0.115054049374352559017950827252e0 0.253804060927879100270220152970e-2
0.640424422011769807685384709657e-2 -0.194047695068132428935874882618e0

-0.485811955035602391486578642074e3 0.207831650771837520469150324133e3
-0.204977905831117823059841447571e3 -0.489937305395974643348769995136e3
-0.141000648919827578761127426164e3 -0.110043172928182065457838113886e3
0.112984371570258168615413261683e3 -0.145220837652964708412594754698e3
0.378771045756617071358352955543e3 -0.109733578855075234761420149451e3
0.113825682763773740965840981546e3 0.376258094943889241034610492730e3
0.287084442492546602938038515125e3 0.139501686251122530718687231990e3
-0.135425485150333173468107603747e3 0.284577341499708295945287174659e3
-0.890834100629315329675102785211e-4 0.860510055545930465458888113932e-4
-0.469051571176850527525551476940e1 -0.496606720765097087293587910753e1
0.211229407699166030387562599533e1 -0.808104037160497879629112130784e0

0.764832012913045555609523366798e1 -0.134497368561959182997078776934e1
0.866109285419546399928379683142e1 0.177898450717422637471613026171e1
-0.355474732699815009194069189020e1 0.199712798571388739132103886068e0
0.462668953880261409207080273233e1 -0.251042969564862460174347665299e1
0.551920414509354388561601259458e1 0.136875871479591879760714268035e1
0.162760964065304219920322438773e1 0.105736907624967776945114190395e1
0.239387649939399804156546163270e1 0.156421076962058361041769814431e1
0.103877866185634695088220561360e1 0.199717035764304686445110524492e-1
0.139777943396435898307321792047e-2 -0.172777660648008830236173198794e-2
-0.285628696696393116918142292077e0 -0.515178296864650520545184445610e-1
-0.195529091721227447750933387305e0 -0.158800063150019797918261330506e-1

0.135706441475610401037199457527e2 -0.163872826836360085268699288857e0
0.527208614103797199444796279004e1 0.488653066780580794217933011207e1
0.172176351267433993621307725008e1 0.828884134943157923288091084518e0
0.287802948561488983848231808600e1 -0.269114234380591335438661575436e-1
-0.249564437242743592739175844929e1 0.113216421847421635637469477028e1
0.247563556356289021452493837903e1 -0.284213927602674888815831501192e1
0.102989171832114068108823410769e1 0.961360988372736423884941167503e0
0.279733942813049482655035047804e1 -0.970315470153079487664794388200e0
-0.228520172385313454378193572629e-4 -0.432399788461191277991522220898e-3
0.776510057643280966947403462690e-1 0.273645586725731867274434597110e-1
-0.171251911726670389758882845837e0 -0.235019873350825022649782481359e-1

-0.114038771188329705228594776426e1 0.126987842721980902701587571318e2
-0.141185659905142480930809183215e2 -0.503183181757338477682029012353e1
0.392005158064700654182816766677e1 0.910746832588299510289131848855e1
-0.357067015439965268247722513621e1 -0.330886862102763968134071072249e1
0.713883517491295875585724674965e1 -0.906055265038649448734214576306e1
0.117528831086277801297919403152e2 0.606980404620107068012600752948e1
0.102129373147689061929801372858e2 -0.861767015232508726395616602974e1
0.128666134030207921653267479033e2 0.484736622454037455712234441408e1
0.986513605910892043801558828382e-4 -0.684964734251777880848323826195e-4
0.309091031602581026911061939275e-1 0.314495357951644955738223217901e-1
-0.687872461564990383501872065704e-1 0.251398197726581022777448892350e-1

0.130121267429562029442953447965e2 -0.407538618760470609092186213100e0
0.414015732570305527130498330467e1 0.180381545172711448328608348598e1
0.130326955825918904650738167797e1 -0.226047317558755815595408103362e0
0.361446179252673827459159423466e1 -0.223855430781004627210581438450e1
-0.169409069518627512614030404587e1 0.288617915794786747890520145692e1
0.178424720543806894041221979549e1 -0.456627825537491271872611037099e0
0.278412092087910235628488544301e1 0.143960947217282252927172470833e1
0.362703544031740771592205218606e1 0.305872192961764501352242245174e1
0.635664153563582586214280157876e-4 -0.575006659418115091288138699799e-4
0.623105465055700440093429194505e-1 0.607774601211181159244023488614e-1
-0.168846926414848131687326362778e0 -0.235141480046543809726954579779e-1

-0.503159811941030734658925732502e1 0.148624365006923017803565335922e1
-0.120707290414352685684840780328e1 0.650526493381631087085266058192e-1
0.611845926688816689303780626005e1 0.123340834131981710807702856158e1
0.682598931188556354454162581314e-1 0.227555661182541569010997154961e1
0.882304281627557558903885666702e1 0.951586137849361460200443207765e0
0.359587483889228122318600421071e1 0.241195644447359325094379531062e0
0.561935052082152490483365577714e1 0.636220940177633718196039606366e0
0.436002619296046563506828796074e1 -0.108096788854443976719037194330e1
-0.433262201029606304041691445421e-3 -0.150258963720975453575842705157e-3
-0.138107546201599114251564861096e0 0.309166023873619158517263575253e-1
-0.342639810183055137901920734151e-1 0.242527349312217835583917787645e-1

0.107116539628140208491959960027e2 -0.377449350812012160247265650537e0
0.551017413872484896483662745567e1 0.279476506140765771425429907097e1
-0.146451276699562677923968735350e1 0.112476428929583324335101305493e1
0.240310238787548988368263911997e1 -0.309219385440986367731187280517e1
0.347019176009724741480108140758e1 -0.895077221248593975883581682664e-1
0.443489840193819587181222898359e1 0.132567321456674883475882871516e1
-0.187205483259549204160366156111e0 -0.340816428310272500651555501558e-1
0.433806892909683048275440738169e1 -0.767854547909484853382028357244e0
-0.116640447278944999164373409991e-3 0.319166771578137320384102047028e-3
-0.308620558592090687619667352282e0 -0.117968951703568018167199488246e-1
-0.178214266670044315416720563182e0 -0.274066870486820435229208870350e-1

0.103920425880310458939497282560e2 -0.558027781229056475502828279950e-1
0.930002528804871348937731095271e1 0.117036162618705820948392360694e1
-0.176130114702311871461869921315e0 0.393294035707113297787791508379e0
0.591211425084909027701018332014e1 -0.230540769622598431640029730086e0
0.264278785963035581740435196658e0 0.177066378253483899837252932067e1
-0.149132282161039184862588640354e1 -0.150923725375005352628769776313e0
0.318055602427920488361603845598e1 0.156515701983292706156092921019e1
-0.529238432459645026089263994199e0 0.472009877067766254258620503210e0
0.730001468129206442422444022394e-3 -0.450587429145128088994087820082e-3
0.120031212492138146421402656592e0 0.459692452623747176300171582376e-1
-0.177461507903027911422390806088e0 -0.234151066358492627449441637358e-1

0.585864083206887187098991483707e1 0.311676223967849484952968788039e0
0.457295731917231819046800054009e1 0.161806579885604928736300078473e1
-0.581283283166419727938403422616e1 0.780057687886931631076458069970e0
0.323859997669859102910595150344e1 -0.247881420974625261124175483010e1
0.664810487948132191742882382689e1 0.139391584694927315287242431006e1
0.186653156574468538052831819978e1 0.839192536654335681706846898547e0
0.852740953600759218948681040790e1 0.375962425489350262164018887054e-1
0.471416786862586848028559147397e1 0.173429903101545142972849615355e1
0.211525709029718568919570504888e-3 -0.812020587329423906537144755014e-4
0.272836543420856852091343794851e-1 0.152495229723627164745891755004e0
-0.193567016416929313937204219209e0 -0.564765166247115918611960937310e-2

0.102426182159798771339106309846e4 0.487387139188527451138746646946e3
0.489313882154259862472251786105e3 -0.101936729330700539205868678945e4
0.424697254101043208670470426818e3 0.532478349741587076769472335146e3
0.534412640745830254687629743758e3 -0.419903073060993952630762338760e3
-0.839163339186750435699591639190e3 -0.432028676819731911379839263149e3
-0.430941053636894233628750121201e3 0.842311376848745361722861950628e3
-0.571917409141760376966872902118e3 -0.448782283872802990510561582920e3
-0.447695712254360660329481323545e3 0.575082219828575032480519609497e3
-0.521606629900205385004613017649e-4 -0.212577183597782458340368784508e-3
0.305506167803854757650764034805e2 -0.823088687051742015126127505209e1
-0.654415276613317914239057068934e1 0.457441287240209472270463108842e0

0.539044442962088437193994377008e0 0.631313855945499726701210913382e0
-0.890745549606528808454251004424e0 -0.794289908235684575060341619578e0
0.118080266656671919537417538419e2 0.322430040383140022729658555852e0
0.379567091424512645205732870100e0 0.194582785019926141124899120612e1
0.299966015760387180904605829632e1 0.186861171034736713591066182938e1
0.360442120561955858493123841688e1 0.647151277635333570148520945760e0
-0.167705267487341252633941192459e0 0.188024954828949004623734430687e1
0.356816020472000349089842160289e1 -0.369403274259207523041527779690e0
-0.102069718572238942729562533183e-3 -0.731999072495231811334103737395e-4
-0.369449994268641842772526043076e-1 -0.180846957002283823703086724551e-1
0.424519186443460518520824174257e-2 0.166237576889102396951139473970e-1

0.5261153324074904128206130297578171425562e4 0.5137608640072601875963544912331347481124e4
0.5139531176576892433802593373709108066514e4 -0.5256303040758670615536822087355621880757e4
0.2965492573452304696762519684854539120922e4 0.4826949338248016946473666794607280357075e4
0.4828868372476778821873539515064426578094e4 -0.2960668170403560404729122851669625589370e4
-0.4250926367608348475232589921080588827640e4 -0.3983574685383413024024247031766063957335e4
-0.3982487890161982466997321756262507608349e4 0.4254087704967360458347693060588499664063e4
-0.4634280350226614755705372828636293030155e4 -0.4949429918963175857085953053084496632452e4
-0.4948347148743668537688463985247505328719e4 0.4637440090043848669474947226101690813783e4
0.1086883036631428990323188199012228153031e-3 0.2176392440427169278057790106721646825870e-4
-0.6756273954320571907713949750014094251122e2 -0.1027547443398224793767088790263165595449e3
-0.2482119211094368308427690157053398173280e2 -0.3524041347661373819828335525850064585784e1

0.548606988316097433916732461585e1 -0.146076809582484284624584806253e1
0.340023571481606195836238361039e1 0.589105245629996419283555542216e1
-0.652335644970607467576990201702e1 -0.978586534098939262292178984429e0
0.222721192390886992889403355683e1 0.954474025835565588627345474479e0
0.600103875153087186304612587074e1 0.200314578922926918710688285425e1
0.408690212534907855755844660721e1 -0.253429195129910993661900145890e1
0.912346482285408484313740067515e1 0.196218355806285723662275782179e1
0.394106292553757060505827216702e1 -0.341129579319402699834220747699e1
0.105001174240549975697205675474e-4 0.176918357915839071712426155614e-3
0.187948583575896133730319691269e0 0.535934744899240231977861616629e-2
-0.177187924084034403376568216134e0 -0.159395276682160268001735548895e-2

0.700568335080086703954152595709e1 -0.146385735084794336680177135332e0
0.551433520339920859020488021685e1 0.133040429435683916336600077946e1
-0.491766761632096382536529211667e1 0.870946497748348489750261970646e0
0.312754207868020366902634476162e1 -0.375173254297937554362955991584e1
0.722127062089337229535737596053e1 0.962696049930334201755855736967e-1
0.400584308322211996671764082721e1 0.251428502063339309769702798239e1
0.355689139480789343422880109082e1 0.121394162780990194469051669596e0
0.396209610355029478919745776315e1 0.409776130798717272720927769068e0
0.753778385108107665152820152074e-3 0.388712905348471336168959678272e-3
-0.224846588504575987933079754013e0 -0.988131836337374161336177783565e-1
-0.197570856090263334204299740103e0 -0.508263866941925717124267617281e-2

0.429123285040697579351589323042e1 0.119887732271537487307016597878e2
0.321029205677546092154677193517e1 -0.695041152381864128409084732810e0
0.914884386062397281202454963350e1 0.113420817709716221239182950966e2
0.131058769830718181574204758114e2 -0.377588918768495448424521216124e0
-0.786022628248747555488961478317e1 0.140547273042734919380041783989e2
-0.277402094397159952651677497685e2 -0.928368015793099975371625423194e1
0.326343966512387522468351002214e2 -0.189721955005446128543558317435e2
0.534120439420113663642119352452e1 0.311442408600997909705001182760e2
0.160788393259395667763096039860e-5 0.736696178247958603768813641066e-5
-0.105795120484295185884044790505e0 0.308155099942981788336657788116e-2
-0.158756516697708857277687797339e0 0.196754871899768200343517376248e-1

