50                                               

0.676029469784163315449342891876e1 -0.188897944556587429382156058418e1
0.130745204940204596343369186400e2 -0.498378179014746337423400033954e1
0.125858336779456988852119602890e0 0.160562296841991223315552043618e2
-0.102037763396524657361671070192e2 -0.995838701395606959236625334044e1
-0.110187171452609708586423429698e2 -0.648403375813203799272570853564e1
0.426657114361980463799047761800e1 0.156635638218877207732039399705e2
-0.385659789141359078177115957020e0 0.415674153936195557290331692378e1
0.141685160046250070211490138176e2 -0.534125317028074305875744430981e1
0.179446200515306909534036647319e2 0.824384820192598074063113116191e1
0.199325331914657231736889462890e1 0.182292248004800908630863480259e2
0.857360384825054884247966246873e1 -0.140838062217891463591579241126e2
-0.829908462175937787338172042473e1 -0.116093666479835356107783370996e2
-0.496661098697614883179523481532e-3 0.190226758442603410132601845054e-3

0.170364827413848588086e1 -0.854352147718712122122e0
0.124054001736170382213e1 -0.511407613644664588680e0
0.662923599621795165771e1 0.228593350443366566437e1
0.199144745314816225300e1 0.242380011690894897527e1
0.322115989902168870602e1 -0.703201002890550067970e0
0.500193390005540386694e1 0.879991495627921650529e0
0.116964771002594090867e1 0.249802205237530793253e1
0.536199949219194083060e-1 -0.207321477156328194658e1
0.637057593422934283472e1 0.227797041159218717704e1
0.176631924145461579776e1 0.273857063003951840255e1
0.290573218636659001387e1 0.495627182208101415878e0
0.494613939305819485300e1 -0.145773985736844249395e1
0.240233529834207568842e-1 -0.344501516270840177555e-1

-0.309939215050187512368895735829e1 -0.125958062872678631611702355202e2
0.117314263970569263576070285425e2 -0.428802196701828053808204611986e1
0.150850801369768966805227711790e2 0.798515638365133766118863820638e1
0.509669590922087949928073575723e1 -0.328492456503962723036104058799e1
0.909743093150156759930483126122e1 -0.620761608256544689812423738231e0
-0.109178295835355774617136972933e1 0.523685437614459238505678244234e1
-0.557958030183025055604696630298e1 0.897582914345056665044844878285e1
-0.765276583929723473529337500709e1 -0.110663741011777012675983777885e2
-0.231527487429427268309414172093e1 0.478320782396969072740502759263e1
0.743493221092183131306801940189e1 0.115715868260769306563026902293e2
0.881173625814793408398574119479e1 -0.252762545554718718722471300505e1
-0.518505719548844687839485825084e0 0.383087943101408599519902636768e1
-0.195168295800317550032162046449e-2 -0.182352802377280640979050413421e-2

0.221862302524019088055e1 -0.157171755007460071962e1
0.404337346579722427264e1 0.116425328727802564514e1
0.110227339173234337687e2 0.216667848067093243608e1
-0.475477679803687089941e0 0.376818660975006483827e0
0.209721327256093623571e1 -0.169093673379371399316e-1
0.341565589835774235678e1 0.768756927318072481609e0
0.405423944157813351220e1 0.271590683021069482107e1
0.139160382970424226256e1 0.612628023577409571560e0
0.127205862653061957065e1 0.112386803990962044330e1
0.345675472927016482578e1 0.134485980253023968182e0
0.133513171676668603201e1 0.158217356662129015905e1
0.316808975667431337218e1 -0.105694287940153815056e1
0.454741969527868784906e-2 0.226781290819496906967e-1

0.119522233195292793462e1 -0.467394677206589882821e0
-0.716343575836010321937e0 -0.121494084992781165803e1
0.106102274217289592765e2 0.219289571861703361851e1
0.129367645855806715188e1 0.134373384128560131401e1
0.546232152087199913492e1 -0.134203337721891026793e1
0.602199147887945583288e1 -0.567732664195046621096e0
0.178327595496723454566e1 0.320395403211032999790e1
0.253760054054300646098e1 -0.958606279793330682865e0
0.249726949902756171205e1 0.261327502892506898869e1
0.203552747591106906327e1 0.272064564053214482395e1
0.451683271451317393892e0 -0.200696725226932455246e0
0.382754762194441181086e1 0.676900312098442823215e0
-0.361342632748600456286e-3 0.214063314093470841146e-2

0.173987428492277517946e0 0.110502214839214102284e1
-0.177807312415272348176e0 -0.125249732557623316156e1
0.111430899997187289720e2 0.133653627956380516100e1
0.416480846367800855198e-1 -0.298843805674557283253e0
0.306753808950824905085e1 -0.946974700916663467100e0
0.430202291335228667732e1 0.263110936831789453925e1
0.238017684679021046751e1 0.596664918979293902465e-1
0.209467650284496761178e1 -0.460991853115576304047e0
0.287015878477457775939e1 0.180543202421692420309e1
0.418280507800342795082e1 0.138120239061636604827e1
0.236504885071595623357e1 0.264031775684586368972e1
0.455665473357781002301e1 0.212254321061609797696e-4
-0.758894812938165249079e-2 0.373016145089109893820e-3

0.440666947987938129646e1 0.206362139734578626388e1
0.497472687766633754310e1 0.119726926196607733771e1
0.358653128524734925121e1 0.242333368600932110666e1
0.442134462071066358484e1 -0.168982967972370143068e1
0.985572270520763355113e1 -0.655974978587392932791e1
-0.135609894076971368860e1 -0.430737979999325910387e1
0.576965606969887847546e1 0.443596199881933216276e1
0.453434359746423351145e1 -0.143293296257912408588e1
0.355331654222176365017e1 0.587461836238678263141e1
0.196866082726736353202e1 0.178921367694572188518e1
-0.517189608225500622226e1 -0.223778565868729283571e1
0.457023017661115517731e0 0.644365950338428539754e1
0.778834642950777345005e-2 0.132832343635975887636e-3

0.325786214865487190169689058836e0 0.217436307122322263682042021409e1
0.207653758647408378427962214393e1 0.230802265605818333871074948674e0
0.108911198310996199347606965515e2 0.185460576926292087465400262829e1
0.484279391373667092164838176643e0 0.141062194821896874157473264373e1
0.537239330387473864274437311122e1 -0.188062338715059166391404886124e1
0.600999307217699575549328428058e1 -0.629416560444417036796455264232e0
0.299079532460964357784365880989e1 0.903798620669757872303824528286e0
-0.641282254102869670142254409313e-1 -0.224948417937375150010262967657e1
0.203422003094656098082141291920e1 0.272919216982397025581871960044e1
0.245564711159144019200529696188e1 0.215041182818644581416160726448e1
0.385685294603949672900287602745e0 0.218663756170720024106315934241e0
0.403767106379410014258071731997e1 0.108706469780693564714050401665e1
-0.128575437886634043995573561108e-2 -0.196946912101531936476507563638e-2

0.450006979203685580221e1 0.932714748826838126140e0
0.709679518799467063848e0 -0.349957542577914781294e1
0.284955481583344114537e1 0.278541808010480279210e1
0.190110951456869380820e1 -0.811815412328879711849e0
0.711737984775928949526e1 0.431974375596515962230e0
0.394254957649829384050e1 0.348474380252974914765e1
0.153232480511561665174e1 -0.334596433027183028303e0
-0.166145388743863949433e1 -0.684087800189841535180e0
0.375252572253510036917e1 0.392734532215779746011e1
0.340611108321979727314e1 0.478089983341558322563e1
0.224814501671969653755e1 -0.174285609365877131223e1
0.670200419435238750956e1 -0.127016499764746331304e1
-0.352707157433725388173e-2 0.585009236178824501446e-2

0.243378625054809502321935162367e0 0.728879180541368370222092735078e0
0.215606595049578413437650395383e-1 -0.126900771341446744411875150424e1
0.112585771422592026098088042977e2 0.123130276383727984737474341150e1
-0.359155630127317836079015044630e0 -0.789278785394741018370267842557e0
0.201642675832142294696829918957e1 -0.123524934175669845113466578394e1
0.450064591847787024731627837090e1 0.337822941306904853387000440276e1
0.318218213769642475291396359546e1 0.569744042786406874044123710854e0
0.139392095513935080292746727842e1 0.334758927979995017926288226671e0
0.258133843980519888033132874032e1 0.137614825865082240068673296471e1
0.391177259087167784140084332488e1 0.109749651511141405802053084592e1
0.271809689686294130692855597981e1 0.332917509594082095921104733989e1
0.553125550613346110330239856286e1 -0.752198357351249147239909410852e0
-0.492867235211205265258873818192e-2 0.266457108237366067213286614076e-2

0.413620860805770451551295673573e0 0.454208438516341185184369604004e0
-0.468152425372304172485840488132e0 -0.979343821331346805987262102707e0
0.430802435060510491561642371067e1 0.182292359692853144102629170869e1
0.328801214834273197509671124081e1 0.178270751045606646738977756170e1
0.725684617633569024214054949170e1 0.104664149148069487453603065577e1
0.673618214376625680265698174788e1 -0.130384855360633202011612475516e1
0.264385734610182385241144128083e1 0.602706493084166697661574715406e0
0.168942959294301676638200413889e1 -0.136236949368920632408907906629e0
0.365891962023470129105260525988e1 0.307803191213875070524130338994e1
0.316148096584518500426573408964e1 0.439627616559163588285748318321e1
0.371873164591690924731433688465e1 -0.100451193214848490302449590160e1
0.593047574475113624100409064825e0 -0.175955435174110289119410305050e1
-0.250337881006789235060776986573e-1 0.375445011045501239418610206412e-1

0.133027416162128463141234565573e1 0.177372098134606765626938997535e2
-0.187472512103210202802797336050e2 0.699889137370343578046925217594e-1
0.251446716486705060060870316193e1 -0.354276254796973752852999522789e1
-0.708929393584061618740673657304e0 -0.452026490569603889457136977492e1
0.823355660799965712466773254955e1 0.134070114619964434921221788724e1
0.140994389719232350539070010679e2 -0.542405956538824014303242807400e1
0.218715605519586003635836571448e2 -0.583154925137856813597789760762e1
0.696098100659524640578309580694e1 0.169127963288146733587348173314e2
-0.439906862041096664833823083082e1 -0.691666623713643827817576008838e1
0.739436971135571398455202814234e1 -0.853592526576454050886720649957e1
-0.755078986603562607198159563480e1 0.321306707682442303083080546891e1
0.600139091403088645514149465631e1 0.349746449429711182986643016398e1
0.642915228730994442390777767038e-3 0.254060149300645635940191838130e-3

0.433603964076541601932e1 -0.601209010867495596158e0
0.217764693261200226355e1 0.334690678221687580997e1
0.104783443515626093706e2 0.283216596046178094954e1
-0.993699199554010056555e0 0.108975577581422492760e1
0.414337168238934885293e1 -0.156584444481722025026e1
0.697988145486697785132e1 -0.580729862978637520303e0
0.168265157492471994908e1 0.495439617230997564161e1
-0.189200721824147986979e1 -0.184832767114664115382e1
0.734397086005046871278e0 0.432616168724210207992e0
0.399204110448962691451e1 -0.700936290859469918559e0
0.625195664352858937343e0 -0.521248458112509519945e-1
0.473613692582688289778e1 0.693331266953647854900e0
-0.278860953200572046806e-2 -0.680824290766369046475e-3

-0.623344121510301008894e0 0.945958168720520833060e0
-0.175342091407546163428e0 -0.145433340132708400008e1
0.114107516325071542355e2 0.171858620755355558096e1
-0.124299032941612275346e-2 0.271681057654630662258e0
0.388272439180088688518e1 -0.193850459381567673408e1
0.696598480144788327617e1 0.224092381005045648791e0
0.340250296343286153726e1 -0.621389201971548704945e-1
0.245546921040716446512e1 0.248959740437644253420e0
0.184497095746066179706e1 0.301362265205975767197e1
0.390678518437688242909e1 0.408015018870403797400e1
0.208239417630873655256e1 0.232247648567899751923e1
0.184834588550503211386e1 -0.137054996647427453831e1
-0.743530884829736871272e-3 -0.791484474889008792986e-3

0.327414396328739789070e1 0.184632127346983853419e1
-0.574844070134551372007e0 -0.285780862412238763256e0
0.364990898638217089772e1 0.161439235316876179100e1
0.137956151126726130019e1 -0.316702713116484875006e0
0.380354888607520710245e1 -0.113061496681887888613e1
0.636209397476455190907e1 0.355589939506759703490e0
0.354791258263261106184e1 0.139604188059448296524e1
0.578554195823913258365e0 -0.198323935715236117350e1
0.437833785053958563773e1 0.237142529831712131562e1
0.351309920085841793881e1 0.514282810416723626130e1
0.334614773108302740977e1 -0.975658387313257197354e-1
0.374153518742040696633e1 -0.912695110992911152971e0
-0.104000958876024943592e-1 0.689473282380615121198e-1

0.164828407685239908959e1 -0.821334023094607988582e0
0.164052016270547257435e1 0.133524911402452416045e0
0.109229477744589905898e2 0.190727703424021949492e1
-0.298333587302711981362e0 0.994164913164772714267e-1
0.267136339873004377316e1 -0.102647207340786700313e1
0.559782539835497745546e1 0.133347435776240260210e1
0.149732174488553886852e1 0.231079572865846881338e1
-0.213293672501880619764e0 -0.243873956415976614830e1
0.198984177915834706610e1 0.283174166384285510819e1
0.392489330695245661998e1 0.478166743651075381314e1
0.327024122591468061256e1 0.797991669760931573866e0
0.434838839179168595113e1 -0.190934363283231995538e1
0.137393173896027244837e-2 0.268934655929257858804e-3

0.293653289034754031562e0 0.355256706714493003426e0
0.183078346093594943197e1 0.895682769821519946462e0
0.110962264671162924865e2 0.201714279779512568164e1
-0.479582223483180265359e-1 0.101075185864491770007e1
0.471857479929635110659e1 -0.156010143178379846708e1
0.648713204211330793066e1 0.473052315271161906971e-1
0.283428480247301922820e1 0.264101616075763719342e1
0.158518000277262764534e1 0.237419615009582324951e-1
0.126601682946378034844e1 0.242946823387651438886e1
0.178409789260898632044e1 0.362758949920236803589e0
0.179124381261580279887e1 0.117217532640028200014e0
0.336076482391744669857e1 -0.340240771414748873191e0
-0.682647736198158367577e-2 -0.150056057047945527749e-2

0.159955784738945655766217135042e0 0.165792302532280906389414189212e1
-0.106000787230932284141880563647e1 -0.148234608902592832016084114400e1
0.641534900317026002229841803592e1 0.238282774055339210278948517982e1
0.189905524442325548916459240061e1 0.256428231793241168392539452535e1
0.413631185736708615641845011334e1 -0.967161371551419386619250319480e0
0.675897626645387023179116708356e1 -0.340999348159906881539612474065e0
0.191582315037512985671676981861e1 -0.178755500709212509957301465847e0
0.269259707369870761304883648888e1 -0.835368029062826379494679306390e0
0.646794744381520090523644290396e1 0.244657196364673246015658960748e1
0.205000604604907810041161313446e1 0.253434145848308797329198211083e1
0.290461276053337740487288074653e1 0.658594142737698270175427944971e0
0.265937324168441140781505752015e1 -0.439910310166838076033720541671e0
0.509554670735450485936310153469e-1 -0.995634687668105962936467899819e-1

0.221469927041518967496e1 -0.793354950284199141606e0
-0.125086808349444450223e1 -0.740344271045252929502e0
0.242745583312812989374e1 0.162193999211391118233e1
0.188086043340830058330e1 -0.841648841097740013878e0
0.644022191043375387366e1 -0.303332576288843422255e1
0.790838818303779856993e1 0.175015093161409679716e1
0.382445908310341102835e1 0.242642544522268478963e1
0.243469747684196942015e1 -0.361126095737255806812e1
0.359346477388301134212e1 0.268621286016976859243e1
0.373602789086373612533e1 0.510093459287852053936e1
0.349969912903650418783e1 0.309210241566626879966e1
0.290894099342639803762e0 0.342168545022933675464e0
0.335229291723194154113e-2 0.253143002194508078495e-2

0.353842947767506802587e0 0.627748596099770935072e0
-0.252475510558669733786e0 -0.136926192050672551278e1
0.655533975513716612570e1 0.255720041014350868381e1
0.202299279820069822177e1 0.241824606442635771635e1
0.557640604391244330829e1 -0.229213442739003267403e1
0.686140522000343307208e1 0.502907367136542282691e0
0.271416988667354655757e1 0.107181024810198721915e1
0.133007091718314352674e1 -0.256293323416518619941e0
0.651857417539371943819e1 0.258490729768237149791e1
0.202517488282012279172e1 0.248842584121993972562e1
0.281667191115617766443e0 0.145046787536239433743e1
0.301283169235127212121e1 -0.178402402885959559208e1
-0.509189621450273742571e-1 -0.320716329849415065485e-1

0.391766867397268626059e0 0.313725009982160392809e1
0.250481263073499367663e1 0.136789061594601395340e0
0.112166718912219460849e2 0.185977012045069541599e1
-0.447689231520396156434e0 0.278829699475288492482e0
0.408222241668712760004e1 -0.449159795441475765245e1
0.861678890636589603011e1 0.317871632287652070990e0
0.568056859446505026784e0 0.863490677335353693856e0
0.322676514134962263427e0 0.222292861750096335671e0
0.417013930235644985598e0 0.206467263922217895479e1
0.206193870743260411352e1 -0.123126808423630562292e1
0.532426803501150767506e1 0.256641441758492565945e1
0.194147247285194007253e1 0.227548482912866732860e1
0.413825279016123270205e-2 -0.632313270359196492022e-3

0.418801271510825811543011553913e1 0.231838480356808670689306054244e1
0.104984926907944828306498550393e1 -0.351550443124647300404570688973e1
0.148315611499213373328091124999e1 0.300355159053175885246916800762e1
0.772628572535135478877088936509e0 -0.111869204605547513841939737619e1
0.540402400593796739599326313349e1 -0.562142181843910576483079285827e1
0.971031936505172218339856916910e1 0.154670494972925768582769073751e1
0.175560454600798209064190915673e1 -0.921960911636452462921362041437e0
-0.164814189021301604539387684048e1 -0.223453148083736761139913602383e1
0.321458889191999850559161886336e1 0.336257974102521032746622669757e1
0.458112932074108082310090203981e1 0.433995762203153001889207122906e1
0.595461372603366015958048536745e1 0.385886659495050234155644857186e1
0.534215362805629277173298898551e0 0.298206538637852804938924985353e1
-0.188518245820168887098244501572e-2 -0.386852187912508057184227638211e-2

0.954196800835064455359341133547e1 0.204282480763308942984012476794e1
-0.257858290041892280920388373098e0 0.804120908791000468249015626691e1
0.151779963045346102259086304499e1 -0.292194720643423809333109316620e1
0.611064144818597005557512205179e1 -0.124335600866040742427172978922e1
0.572574929151954304710979393551e1 -0.419007117845998347745148885384e1
0.280159003850295628494823607174e1 -0.273901044182542219869121735194e1
-0.187141419020662048256775642186e1 0.772885320911206365945696470298e1
-0.530714054386162711318687187730e1 -0.517075486499882351600314961647e1
0.329577387042030563910240344702e1 0.133155854101022961500069020929e1
0.404930127516315660751215383108e1 0.634603398865121325363597137486e1
0.379012338946266622024392721981e1 0.200878182713883886598851409727e1
0.760346607205143644641345716732e1 -0.323412176107656479716228229872e1
-0.124825675634297733997492184862e-2 0.155755848631267486639700431470e-2

0.396202268845379486015e1 -0.251371410072321744070e0
0.235055222403770638744e1 0.353194383850968626824e0
0.420641677336188216964e1 0.856268411753852427869e0
0.293453368765503536152e1 0.465603188577999747540e0
0.533394466977044353056e1 -0.562239886675674245303e0
0.263413119770893107419e1 -0.672027997829094795625e-1
0.367074992906363731194e1 0.166414626604247071302e1
0.226710540694453513964e1 -0.214223145866513475246e1
0.428128803895892259216e1 0.280612739127696426533e1
0.299712389335746257849e1 0.505538089816868861388e1
0.545577900391319536150e0 0.148706922767470858305e1
0.181655359029632945916e1 -0.166474421214961275611e1
0.155279421968272267053e-1 0.792986339100595383922e-2

0.581286434425436599331253129721e1 0.234043489920861269005564703251e1
0.141483550659200453611635423584e1 0.317481782455741621090644440602e1
0.994727407513597338278166851044e1 0.110239687049242913416507015928e1
-0.226315156127856948960911258892e1 -0.102237989182306543624443475411e1
0.346525100767046843147019190075e1 -0.631393563051378726892228591139e1
0.110698808363860089161986252851e2 0.825241301543010561397494337375e-1
0.458085050437072672440970307493e1 0.397998669649811322734536702412e1
0.101466657390108066759981820969e1 -0.184924830176180176021057408416e0
0.104812331368159579392756416906e1 0.133314719643219890898559332865e1
0.303530065734016663251466048016e1 0.620615113225424578538691486144e1
-0.285436324511313032588584207486e1 0.355796996788243330850182903098e1
0.728467987059308737188807178940e0 -0.625618836496671744051420281812e1
-0.110645864839374013501274873973e-2 0.252643603160352645450277911677e-2

0.349067086258143472388e1 0.195026277209343649370e1
-0.141358830431540428215e1 0.249013283223149542401e1
0.284776137240487493656e1 -0.501502732336546381805e0
0.281933029743434542501e1 0.219695801930059049869e1
0.748405564537605546508e1 0.351211706704652380307e1
0.982497472730853042572e1 -0.216227906054421819887e1
-0.331247688753693606532e0 0.316587103792864635668e1
0.896765536270768761240e0 -0.306865402532743209948e1
0.247450036268954726474e1 0.175166483721311656916e1
0.400494668421956348569e1 0.634124419762458431046e1
0.603425944570178121812e1 -0.387841298194517684005e1
-0.113242894091780381405e1 -0.379740196328501993569e1
0.325463100502889295413e-2 -0.377929648842886633056e-2

0.338401810502600151995e1 -0.724783161371769896327e0
0.210159769596270403305e1 0.138119845099770194882e1
0.103480892307655277032e2 0.206663512476519655977e1
-0.122688224289853079927e1 -0.259978728229496659492e0
0.132446331384263928143e1 -0.695466116340424685756e0
0.514127891647841849324e1 0.309244887787373537555e1
0.166142380604848490541e1 0.231053558468515467771e1
0.141467753361065589414e0 -0.198358686211220028902e1
0.193045557117506633583e1 0.460648487423431437544e0
0.356711558169506603349e1 0.117246058459749699090e1
0.335154997314228025635e1 0.258243008083841190758e1
0.527542229540127665050e1 -0.140254232312723736654e1
0.491806976261856790604e-2 -0.144329426936128282402e-2

-0.410522967639444870099e1 0.904133776373638219787e1
0.751357289855482513062e1 0.518784429552417318196e1
0.508090547324430910365e1 -0.753650693115793957836e1
0.799772946691006527981e1 -0.151017470281783267646e1
0.386456020686705665882e1 -0.233814472493052526278e1
-0.421922250676522696180e1 -0.583810529163312185862e0
0.109537903508082522727e2 0.435338615929806319917e1
0.367443628907019855879e1 -0.115142629101947664401e2
0.100376361134446101695e2 0.182333772961275469295e1
0.122471514652826890578e1 0.120647503124335007075e2
-0.383166246796977950266e1 0.656590003441264751373e0
-0.119123129429813091288e1 -0.164434646578176258866e1
0.943267588031896953341e-5 0.105046946945475580261e-2

-0.107126146199183751283961512286e2 0.143918867587404320458891941335e1
-0.936927206755331657689172738660e0 -0.115961166764122854680075220201e2
0.101168140420448240338335664964e2 0.601753924281132244013049438084e1
0.531858351980547441957329782880e1 0.839095591954739896611330803855e0
0.817343859960932203428176800804e1 0.101458030436161721474033917225e1
-0.982811417989227663332114232636e-1 0.733032315331448387128055474402e1
0.503061702567392479711157864633e1 -0.103350304838421919762176153406e2
0.135170761800732239627153606939e2 0.283203241781399432184279240827e1
0.831791628948053464770284272023e1 0.168556652022267398750792675231e1
-0.152255904217429418287767798957e1 0.327575447668160892820424529126e-1
0.107382866310976961571400177465e1 0.617815574057253512891626962095e1
-0.127789230915014977489553702396e1 0.256190796856225128894357603477e1
0.143695436975823270862862773459e-2 0.111370629390078020691458591780e-2

-0.308120938923987110485e0 0.388347811026202878118e0
0.132576424513432298066e0 -0.134835161819517423368e1
0.114900220574093375183e2 0.140792800412523806761e1
0.673274899323748820905e0 0.259077269381280371485e0
0.348012034934047367061e1 0.513164822747788816073e0
0.391405090242252765953e1 -0.153593725313293185731e0
0.354942054547005466205e1 0.869334057762336281450e0
0.149708234146119386124e1 0.506117530594673256964e0
0.183629443764897437271e1 0.358816083910205452017e1
0.359349687327799657984e1 0.413068211134996463117e1
0.195226354905514689004e1 -0.766935534763620562046e0
0.518951855900110078186e1 -0.139393156781745083928e1
-0.150566601146773983894e-2 0.242207584491793380623e-2

0.268985301059099562982e1 -0.869307124149444357571e0
-0.109244053892703810735e1 -0.198825255695478676408e1
0.559459595813594678243e1 0.217359681668630479721e1
0.152814747762527305291e1 0.828323087484847592524e0
0.339322711485778869835e1 -0.988862176238582646316e0
0.615344349919436983893e1 0.169753883908739228701e1
0.560562116114190936151e0 0.205608602280972423983e1
0.976662104111047220997e0 -0.283224026983182830487e0
0.547815211390078921115e1 0.309402106646061821255e1
0.291818537600823847732e1 0.434201463502876533040e1
0.428360968640028874112e1 0.534465394431379753912e0
0.451600208198810951611e1 -0.259639997766303561554e1
0.173466573114482124813e-2 -0.658411284741629383939e-2

0.619901987322873750975e1 0.237744963198552865594e1
0.216782443809749570253e1 -0.503282083823950092318e1
0.617151781918134148368e1 -0.353205292525417266156e1
0.613949053652609222538e1 0.944305167744569749159e0
0.251278252462181003529e1 -0.176505328959363782799e1
-0.469394322017298631022e-1 -0.560132789012490710852e0
-0.867421362887141542564e0 0.497590319555476349143e1
0.507335031400206957477e1 0.100274712839555228444e1
0.810339728261349044949e1 0.285750014996416974895e1
0.994038677777734900861e0 0.750175980326367785678e1
-0.119296136758237935840e0 0.108625323734334859355e1
0.672235465798337459480e0 -0.185585847215180825629e1
0.226454532932399044144e-2 -0.470283832685305556899e-2

-0.118540355371665866229e2 -0.122509713490002151472e1
-0.961413489984445176432e0 0.107208451861397165957e2
0.196641409478382889267e2 0.388861577238824779584e1
0.858745176852163823698e0 0.812997389003212870412e1
0.355469422378005937488e1 0.683028488169983757049e1
0.757668348747591197459e1 -0.709182696453351887065e1
0.838332079589390764818e1 -0.755426933231313351260e1
-0.100002921396981875645e2 -0.780617300757322417478e1
0.100775645734248152775e1 -0.537777524966828624018e1
0.153565630102713695966e2 0.148200264736744962302e0
0.124412311231184914652e1 0.943824106279335590160e1
0.216971395508318734753e1 -0.210101936880184721689e1
0.642619484031272425234e-3 0.325689837334469363710e-3

0.536050551026301374830e0 -0.473646080207559039456e-1
0.124684433530134381601e0 -0.201548097918092558763e1
0.513165801858510131064e1 0.767743039927322775805e0
0.277617203150005852639e1 0.115481252282868044777e1
0.448293415086712270998e1 0.216714735324215342646e0
0.660701001556470321084e1 0.121185585920014834375e1
0.245942840870877016662e1 0.267496783497920046337e1
-0.438111231837568796711e0 -0.769452319196736816433e0
0.477023507491894275916e1 0.251728117387138987772e1
0.257039202700641581365e1 0.487751463621492424442e1
0.461969379589376168182e1 -0.129342176081372555504e0
0.335985272423625686575e1 -0.245924971986609063263e1
0.123237943038467006901e-1 0.307637434979154956597e-2

-0.205052139562012627821e1 0.345894170202490807428e1
-0.182724241275307751494e1 -0.304336440908441060874e1
0.115353039220871041292e2 0.403390017643936531298e0
0.298141469562984872635e0 -0.691412679178359155857e0
0.559602822339180482883e1 -0.980207803435789077479e0
0.341900687527766473451e1 0.327294109225968602697e1
0.102980211291421287409e1 -0.290108266123948725602e1
0.541862680447622319753e1 -0.218110234048770761399e1
0.358952822380621296844e1 0.438852737161463395121e1
0.496328613817522304886e1 0.262512124085398823418e1
0.229985891342079147733e1 0.163043137339179777757e1
0.272818112526098166147e1 0.201781709563680311786e1
-0.370701368423645164700e-2 -0.202772099334327288312e-3

-0.146241346080596092377e1 0.333617497869597779466e1
0.312140023698693071979e1 0.924890511356818650435e0
0.107860194016815705382e2 0.391290522761591892404e0
0.905340690290560507533e0 -0.312008952642126173978e0
0.859590122946402939146e1 0.265399862913387402617e1
0.177108621630707037680e1 0.459576823684884052963e1
0.613053102377729170738e0 0.296906252132835014911e0
-0.215982936388355395061e1 -0.606861427370265650973e-1
0.119180033043372765231e0 0.345048353434902107823e1
0.198159424678102430786e1 -0.320943009122674851891e1
0.334825969423925905838e1 -0.412885391707329980687e1
0.938040797351796803907e1 0.614664384002420777393e-1
-0.208483414767822201100e-2 -0.887589309032958163828e-3

0.398252941426849549388e1 -0.442888842144137483050e1
-0.486647310898497801620e0 0.981866096244557147205e0
0.791422090151505006842e1 0.451888921121984558221e1
-0.655776547762584425573e1 -0.972371455860134269785e0
-0.221815027721840330984e1 0.486319372361115377125e1
0.116893431879044987186e2 0.775301926632833164014e1
0.443803071286513000368e1 -0.224209285248083995193e1
-0.664357136174972778267e0 0.407353756793870259512e1
-0.298507346449824435440e1 -0.175235630718573291177e1
0.391423971025379403843e1 -0.155540436680540618047e1
0.108684427130679720965e2 0.504125464627694834128e1
0.710518702654102207641e1 -0.828064710784605093226e1
0.594857375603271950532e-3 0.254143611855342692981e-2

-0.536771310209448941500e1 -0.485662740940833143706e0
0.713460508032048049305e0 -0.714409853776177966025e1
0.106446472477790243820e2 -0.370361363210732443593e1
0.677251506824317324679e1 0.517937508690580802407e1
0.692089761488022727973e1 -0.102095531116619840325e1
0.580541627489850647513e1 -0.191989939088367537643e1
0.487125599422718508474e1 0.577101711968297417452e1
-0.409377234148982000307e1 0.565758259795623669815e0
0.528421813522965523949e1 0.495013696573864453356e1
-0.106125549165042927068e1 0.574886313110514872741e1
-0.353305890021602571040e0 0.489077598792737276565e0
0.686363598196652150308e1 -0.429998549161125383526e0
-0.135497330408945222571e-2 -0.713347069413550384182e-3

0.585551062664255560371e0 -0.433644156455240554213e1
-0.290566941340299822417e1 -0.518326322337306029278e0
0.182326986642019065214e0 0.323401485700684669287e1
0.269828121755265615939e1 -0.309375862064513551530e1
0.957123806483753809121e1 0.416734017901499925610e1
0.117729843618523279743e1 0.554093630999578927367e1
0.622849893455881098610e1 0.350659505733952763873e1
0.196635139835242446276e1 -0.687372853538086213757e1
0.192035294841044555550e1 0.447163426792773410160e1
0.216632460329421161482e1 0.542263813329275570470e1
0.351203200288693074020e1 -0.504314279673670214652e1
0.989741375801847318803e1 0.152223903507475870518e1
-0.941615315380194614645e-3 -0.136158232347584431374e-2

0.437618768735559714113002061834e-2 0.162605961108220824662397924789e1
-0.691683795524516203631880183671e0 -0.110159290029408930817773125032e1
0.110104494740695838556610713105e2 0.147167959793123895638680432122e1
0.261623225995395525387077513651e0 0.346470154246335875901871566055e0
0.497231045051786273650377173967e1 -0.994564608054396864438559984032e0
0.639026987948207329433486783816e1 0.318077764389722759105155701215e0
0.206519034578603666437964908828e1 0.199010531444211507473573232173e0
0.240085646168398722992371891517e1 -0.119074114318748413131414770837e1
0.203581263519635390417201889671e1 0.350355279539083951659159812496e1
0.373614779223243649948497676436e1 0.456520825844241062971899509232e1
0.191186090674280724199605891788e1 0.194262072205898636684035979365e0
0.290278643613062365464833579952e1 -0.937422133596895825755354020914e0
-0.132785010368383013491201102159e-2 0.550819438586242760939554421020e-4

0.792889309923413660580e1 0.237994260696589885807e1
0.177758736586872409936e1 0.526744617320761042249e1
0.109746135401496819521e2 -0.902649753970439484851e0
-0.142658737322259420322e1 0.120895998508310571903e1
-0.445018138393713342214e1 0.403118022707281291892e1
0.633278507734333522862e0 -0.820465047995032529735e1
0.568998103738341528320e1 0.508311884526818947086e1
-0.474254024867866076794e0 -0.764458776885067000544e0
0.375508687069081327969e0 0.404481000608673102676e1
0.167208646306325743190e1 0.658798550428683466623e1
0.148118502010081825237e1 -0.863640193142319279040e1
0.128178890614241452247e2 -0.209528240574215850970e1
0.125272337685693453603e-2 -0.111353725074157866802e-2

0.360498380833521565839315473667e0 -0.193076861107090893289770348274e1
0.452027553817612168548501882382e0 0.919317360118390108671893706664e0
0.143435983538118215999276329109e2 0.248422904356870243825679696147e1
-0.507344388083538425210689041746e0 0.743296780252765005437372547316e1
0.728184642772486531360608177552e1 -0.118019753141264979670599698148e1
0.632534249592611730811943425217e1 -0.499927859045295069962024294258e1
0.103747464836700737567497045257e1 -0.432403090040265415670871443793e1
0.464666113241671669066507094282e1 -0.810680945568078478981787278062e0
-0.759432524945158148092670311213e0 0.741896497979517017272159918615e1
-0.364615940515289441721891905967e1 -0.161191794514974737677287284755e1
-0.263985285792057705627905833319e0 0.353180301952234027546368342866e1
0.772947261107598667546841785969e1 0.106959231852473639195999901150e1
0.140442630932277962223562562481e-2 0.178430604274740164737546556961e-2

0.370709124519088730962e1 -0.482531022161474200958e1
-0.430767421926418330987e1 -0.350976313427612340878e1
0.126431875485585900280e2 0.246290588388356946866e1
0.200445343926722784598e1 0.423707542431721601766e1
0.419289340270277870138e1 0.408385808931217549706e1
0.653364597303330467241e1 -0.741733792276217500220e0
-0.340086032066567496286e1 0.142386729345926532338e1
0.714013601114295910874e0 0.501105125803445946436e1
0.252675590948142138933e1 -0.126304462169536156342e1
0.824470699106213009665e1 0.704808921267253893610e-1
0.233093221473199753392e1 0.411772357665509328249e1
0.181085421478722478363e1 -0.306711064792605996336e1
-0.195661704576159255827e-2 0.109484589156899588393e-2

-0.436362185966548592843e0 0.149048975719834958683e1
0.149898666257674172825e1 0.124268262072312152668e1
0.601293753815905316924e1 0.268158511492834790869e1
0.627240154939093655709e0 0.390951365854602977588e0
0.313765136466485702231e1 -0.146777582158167286598e1
0.558374810801852942965e1 0.189835837475501947760e1
0.302604816008201093222e1 -0.941247567644946130777e0
-0.167627235239818032464e1 -0.295429652094497621848e1
0.554554952545405791756e1 0.356562463583994443623e1
0.370371687217127965736e1 0.474442217186984387285e1
0.471417559760656954947e1 0.671323881259977064853e0
0.526258055469253585232e1 -0.332211801225761163602e1
0.134546785958034346703e-2 0.415394499630629110331e-2

0.536290896179868982344e0 -0.208599379316572205518e0
0.248512014648869291691e0 -0.152097662310874872814e1
0.651527919345920229592e1 0.308628757941239393963e1
0.221246585916466336299e1 0.257675448078143404522e1
0.159599394747312650015e1 0.133454829647821264063e0
0.402096065520980493419e1 -0.223513459545559064405e1
0.386153572996182680864e1 0.234072147511894790989e1
-0.320769087501866487439e0 0.127884323352623036508e1
0.667679177396826731847e1 0.296286274295117666193e1
0.214929368661074529905e1 0.212111849026071927742e1
0.281410845895770809328e1 -0.231472724781376757038e1
0.668953687186778359975e1 -0.220604986004044315484e0
-0.176805929932554367304e-1 -0.542608263855641991274e-1

-0.156043490776400635498e1 -0.103462206107788631825e1
-0.176520794332582889915e1 0.154554585265216254950e1
0.111953654197472084559e2 0.268986764072058565003e1
0.903584393426199317812e-2 -0.660068647149637865404e0
0.551438842780876378692e1 -0.489285574576189279117e1
0.986467861111642987677e1 0.121678550348606146880e1
0.774294795836930455383e0 0.451954339945685218492e1
0.453685644360230013990e1 -0.253184080810394499385e0
0.679216634248925203447e-1 0.118390430473886013203e1
0.226325493249992137326e1 -0.237037122694296734028e1
0.600846460094621113730e1 0.353416246192348114364e1
0.913821121729155174559e-1 0.252129259876477568769e1
-0.141775451582978830636e-2 -0.128850186568516792365e-3

0.663708237055365030053025832759e1 0.584472969598072189432816119189e0
0.203670259627289200319146065616e1 0.397137857994409396811722648975e1
0.588452918333929858068546635925e1 0.159671554089324089877494763213e1
0.155397810494949121758186696806e1 0.284034660111583072434008400994e1
0.147764153206671767213000082335e0 0.390102301564046381549357170297e1
-0.430407546825920644895430070948e-1 -0.382349559881945553917205625801e1
0.415618874626284165484816353926e1 0.292288268891478608102218865579e1
0.135091188086836045518088363379e1 -0.532978162903722232468350098401e0
0.585557506570967981001036295625e1 0.150510066078257092632173339709e1
0.139036903767963645801399818379e1 0.288875117608685113212434914742e1
-0.681139519072142113187395951756e0 -0.451019487582913391089675446692e1
0.871107913491221193062885467925e1 -0.334400259542359805338769971080e1
-0.132217870879066706722963814426e0 -0.106583367657789938357123495376e0

0.965666251258686995709132619693e1 0.324333633328314696068504629216e1
0.260067450223308617371116986774e1 0.542813688671945240155985260616e1
0.426639131057533206604300489868e1 -0.388428166262482732032584382269e-1
-0.140525991203247291139718098453e1 0.692280818490971230811296181716e1
-0.272241034262131200104290461822e1 -0.102841506558023287449540779596e2
0.156007926607649770372374980064e2 -0.767049318956092072224594467825e1
0.667282461752026159791127188402e1 0.272530635177002906728427373990e1
0.532544825796121049685404475648e1 0.374087633634182323629676452128e1
0.928459710898324013054222187261e1 -0.193475198669217419455411779947e1
-0.110885863393788963083683736003e0 0.109823423988398381353984705812e1
-0.515806520704439175096574628852e1 0.122891027740675751847388110943e2
-0.701076964553301183314280231181e1 -0.751956245829405103714146845308e1
-0.265105650334657710535511755299e-2 -0.298592985841406349073265997327e-2

0.985483250481630156542782080449e-1 -0.131186098432575219668031384774e1
-0.586731638534576624470798914796e0 -0.716312438298594485983613556960e-1
0.109705955292520806476455788097e2 0.167513461890685644618607150500e1
0.107763271911080870844189571560e1 0.257347396339290219299144347254e0
0.544537419261517155099081335051e1 0.122749984795267241108019322484e1
0.343797049936931621956575657731e1 0.190192022533618503419944014710e1
0.107117561340699004754824916310e1 0.332650241867685391131392770208e1
0.261880204606812205637712036166e1 0.523849161732635235435013116083e0
0.157195239466018322013484314118e1 0.235106905205442033655170361502e1
0.275524813412804404163396501244e1 -0.615570626378402579506500017854e0
0.284235394501741151805513213754e1 -0.126834495326505090837320738240e1
0.569707823985828559843465065316e1 0.408508680015153921824872223554e-2
0.339511607480903501903063200212e-2 0.361669723379484288468118954526e-2

0.363421771161098455848e1 -0.624323361082795626415e1
0.682520418110269856855e1 0.897866592944686058150e0
0.392288684227846155350e1 0.388063081307144669570e1
0.267258475414109410119e1 0.411404689259478695447e1
0.775185871270091756986e1 -0.176531711014212827106e0
0.116703643606709556548e1 0.210619800717990363482e1
-0.353650442938209711341e1 0.167923909252311044670e1
0.505511013433878409265e0 -0.703392733351116105755e1
0.729675281705873543915e1 0.480881974492099488732e1
0.504658410972241208313e1 0.108463873556615175188e1
0.293078834573299799068e1 0.205107567132661705914e1
-0.121692049446717872902e1 0.831177105225632658009e0
-0.196907647499856707714e-2 0.559910930987596420004e-2

