80                                               

-0.101868329920863297277e1 0.501160405203992197470e0
0.109188436539062889302e1 0.419543944547190101880e0
0.115205038409733708307e2 0.125715385555378089113e1
0.115143891890698364102e1 0.191930784221332309547e1
0.551858905457901489054e1 -0.140706317118763290326e1
0.601599976180587297202e1 0.842802519560289856702e0
0.338609605371255717091e0 0.112504935684041372274e1
0.214994729531007789844e1 -0.135278645116387574645e0
0.123068430692782910607e1 0.575007265449878887924e1
-0.261421132517498224467e1 -0.346726966107315478496e1
0.559120548319569999031e-1 0.702569728991787001180e-1
-0.427066544186215538462e0 0.599509105830416478135e0

0.899209375257559738177e0 0.183514611376047409651e1
0.231049638299905223311e1 0.156551202699258700175e1
0.854307160394306254556e1 -0.202678507025941803590e1
0.310217386689996585001e1 0.115574767874485369030e1
0.178595763949768173676e1 -0.159444701145764848192e1
0.220235807418306321799e1 -0.997200901991198447062e0
0.607515695460241738788e1 0.429958385635796443754e1
0.503123540145412248711e0 -0.199819950774530464307e1
0.156686098714259745644e2 -0.107298620942156628559e1
0.713953095962245852784e1 0.878195509192951330717e1
-0.381818214232401352854e-1 0.408461154907607439615e-2
0.435363189045881106569e0 0.482596740279004681026e0

-0.143846723119342119940e0 -0.156573335167457312306e-1
0.193318775512634445364e1 0.440419236999277822185e0
0.113724955842893164686e2 0.115602897018859554859e1
0.126790421048136211341e1 0.172618153769640824335e1
0.447038438859302058497e1 -0.214533058458487233249e1
0.492672472102285464524e1 -0.286325276632226344829e0
0.833052821694689776659e0 0.231406461911514935246e1
0.229087087731677282445e1 0.938813131208746670653e0
0.154122220400814477406e1 0.773307675085241818863e1
-0.308521913544017568811e1 -0.206753934569670237307e1
0.726211749011112903292e-1 -0.884388458753192420418e-1
-0.599743390880394532582e0 -0.151322966010762852574e0

0.492901978042391897188584704757e1 0.111490899356176656218008531252e1
0.349802479136876533302895749694e1 0.135348773684217764426325231705e1
0.390876559348321139954393562488e1 0.203313420342431089323161475116e1
0.843081982735582137760352786698e0 -0.123445105063320179459966372916e1
0.349035120697857629959862272469e1 -0.171678868196702872094402721786e1
0.343539423983694550253334096934e1 0.182737481699150193274651367949e1
0.481161097242505725860954956361e1 0.137168184795207803404093095990e1
0.356123317614950273576731416609e1 0.107579458387023712936214632213e1
0.270515033780922752471827189790e1 0.250276937589527514995889747553e1
-0.575732538732598940559626093331e0 -0.433459382505452785819514506163e1
0.301370284533333564952495541513e1 0.184171636169140239738215615053e1
-0.485488426099833630449673128058e0 -0.215318862965785457264781398960e-1

0.503475580506367747765e1 0.992802651477776808763e0
0.161427194500096009289e1 -0.222859248079932925147e1
0.446784412015300096957e1 0.133235930635767335075e0
0.345799170900124652446e1 0.152789529117916960473e0
0.454646529659070187772e1 0.209790742253204715939e1
0.112625012124333305236e1 0.487059430945480600732e0
0.107873132808233237643e1 -0.135133043307153268562e1
0.407156103253518929360e1 0.584815345805674099500e1
0.398177552097676631590e1 0.116714653244625207219e1
0.118990345731872946330e1 0.144487175677338646721e1
0.163981149910168443705e0 0.218058622687297502324e0
-0.723969554138575463931e0 -0.630227860352572070470e0

0.780356467736662284484044411509e1 -0.146795576718670654374919901697e1
-0.234955222027190501457062737437e1 -0.277015810419596240197083902734e1
-0.139600606947718069138960420060e1 0.427693072791030634417207973036e1
-0.647433255944550769770914831051e0 -0.605297668141472073313993305432e1
0.513373264563935527987028747152e1 -0.281644203816475260526445213251e1
0.411423559374386418058673150424e1 0.627159668740508912446071897176e1
0.795894339089744531760379441571e1 0.344888479036348346023155098041e1
0.863098776158556745938766871871e1 0.350517435579225815579851210480e1
0.362637533505758156522657563703e1 -0.348606279820021127403737475266e1
0.135756952796113940674072257594e2 0.147348039724935238726105722248e1
-0.908721280160930184559666070308e-2 0.481796727931422941520553968433e-1
0.118394450917459209269012966618e1 0.203035197990377894089336423312e1

0.519818770060536620081e0 0.837315284905686110534e0
-0.744004283014788877679e0 -0.759223851974967596816e0
0.716811533600599548642e1 0.202211131425141447753e1
0.145426886514215791910e1 0.123956014721197716995e1
0.561448497120187021590e1 -0.678474049950934120353e0
0.589776721217800676232e1 0.151905762823190839685e1
0.328944235402619075963e1 -0.255646939861127828631e1
0.104403866731424193714e1 -0.636746360511514551217e-1
0.721470553677615082482e1 0.220070347621354238539e1
0.188567778752213031164e1 0.151282582431909716275e1
-0.277823880188338004073e0 0.289254544179236831045e0
0.319466183166681504568e0 -0.492022328418840267675e0

0.835776602920809901333e0 0.112808988701848993391e1
-0.152758148636623596354e1 -0.144856258263210996317e1
0.231236943740981617970e1 -0.851628296100925516173e0
0.430192969705417380035e1 -0.250163552691806116614e1
0.808721889414950451027e1 0.178357865531867987980e1
0.137781684081043472414e1 0.391629079004294301239e1
0.767748373635585136185e1 0.174108556880963156327e1
0.710816897962630172636e1 0.167303667011514719436e1
0.295051460710713586320e1 -0.209638689140040384196e1
0.665460193099112966731e1 -0.242864168558359267000e1
0.799431491447316269823e-1 -0.407011203710907356186e0
0.994468806444558860408e0 0.133798439723644449245e1

0.321850177121562498457275102292e1 0.641206941461079050061934284549e1
-0.526600783252034157367805504937e1 -0.195326610853278238922940494141e0
0.204734663142690257533467907429e1 0.302914050091898331340393615826e1
-0.676562261656011769504625164508e0 -0.383774101183409483195688768883e1
0.277910182108099401524119969231e1 -0.840730042413838684050519027844e1
0.126649476541929733766325651150e2 -0.169382385530853391305697856505e1
0.102085815195452331424915860145e2 0.220183676669953881581593441399e1
0.459220479680175251383124438402e1 0.816355281955139191620232883946e1
0.540367658339113996100635376964e1 0.935022104446415808111702981454e0
0.226940902132913829638232370007e1 0.217375547143251758647386764843e1
0.220559709581619157200631066467e-1 0.971482173671313149662097383917e-1
-0.710770894357518894134245717732e0 -0.116680965992775990166919344681e1

-0.537642766290037863071e1 0.284195395063679125732e1
-0.188046782989530519847e1 -0.711834321640630806726e1
0.270063216802819746959e1 -0.847784740217665393886e0
0.541326994932856138442e1 -0.473503677145400623692e1
0.994858887346747637961e1 -0.450001166588068216489e0
0.270786358874595235475e1 0.739936263814798208301e1
0.112608794837632730452e2 -0.921779099179861980545e-3
0.496060080974484513992e1 0.733514798703476288318e1
0.262095327425192892103e1 0.524881292762350055601e1
-0.160261113295229526562e1 -0.262298243084964877365e1
-0.751896689380347514064e-1 -0.690566119844988454129e-1
0.261482239736283302370e1 -0.141989635209607381106e1

0.379435421415250122203e0 0.499200756955701013817e0
-0.110983000739504379011e1 -0.170762860657430099202e1
0.572196308944123408369e1 0.103480084117506374421e1
0.225145582296482824232e1 0.357633311759091580731e0
0.530326434707301881287e1 -0.118189686123827091978e1
0.778858107425848057628e1 0.688856376864273540171e0
0.565693569973862483112e1 0.432593217345172588711e1
0.370005861495720290814e1 0.356167698855497781747e1
0.477357812726832946102e1 0.143089432283300088439e1
-0.393488751562628984003e0 -0.699333042677872605104e0
0.580333637653707427527e-1 -0.159930498261800573669e-1
0.330733115210728617080e0 0.288365215873116834648e0

5.432580534310218e+00 1.480787117259279e+00
1.683156669571030e+00 -7.258650816222240e-01
4.078724711810029e+00 1.197365104550481e+00
1.510852782982908e+00 -2.236244791243755e+00
3.825519651554127e+00 -2.808152012110706e+00
2.321299768429140e+00 1.761780013438882e+00
4.912947723926179e+00 1.088523545944518e+00
2.425581557619434e+00 1.147837427310025e+00
8.602504135380375e+00 1.080167126103322e+00
5.845392749811454e+00 7.005129060291259e+00
1.561593626611433e-01 -2.429196627263425e-01
-2.147528781582278e-02 1.570818374347749e-01

0.685194434940076156897e1 0.486085067171847185039e0
0.970661239109360839789e0 0.115079711443235496108e1
0.572325307988259654414e1 0.257686967191031810203e1
-0.187610993471020669231e1 -0.189955541892456978019e1
0.236988459814504485459e1 -0.639304164566172870052e0
0.345574602498296511426e1 0.274121359007930754065e1
0.515521886127190335320e1 0.297667896078986355236e0
0.680623570389451000920e1 -0.264699604259088175189e1
0.294662150932530642706e1 -0.399584566559107599143e1
0.104172531196568448663e2 0.265578477609359748016e0
-0.646369507036532996112e-1 0.105573792246347797381e0
0.189765547926011406631e1 0.113610803817978550960e1

-0.264460412632437089184e1 -0.377984072969523614998e1
0.533220782127958773788e1 -0.379846704892512876915e1
0.107962016944553430477e2 0.159803545521491935626e1
0.361704531771927907235e1 0.889947295844465257361e0
0.329055962661542488910e1 0.323736202877803732367e1
-0.431260468699854255875e0 0.171862395042346291279e1
0.736539561540946640175e1 0.224677782131464155529e1
0.247036986877869949053e1 0.334020111526749387005e1
0.131801529103420540594e1 -0.547703976405546098479e0
0.196746552921762221785e1 -0.282539642630144545010e1
-0.668857579088770288155e-1 -0.362212223546716844856e-1
0.257486259683713521358e1 0.852451876777561081701e-1

0.280447682636109927392e-1 0.435831855385346184174e-1
0.446458744129363575365e0 -0.106986057831758558554e1
0.109695493084969553886e2 0.191914877624544866512e1
-0.785258518978182680015e-1 0.255038146109995087418e1
0.328841917192763528370e1 -0.577000298214538017024e0
0.655734191124194761230e1 0.726193732731602724362e0
0.201722958173174025010e1 -0.106629915600770380226e1
0.189848088838203890203e1 -0.191718530835954106351e-1
0.610036188434448744568e1 0.434423167998482061963e1
-0.237233768553392594420e0 0.960319121485612954081e0
-0.202303586065088324399e0 -0.422828435485747490647e-1
0.628663362789463520304e-1 0.658390642311547700507e0

-3.631096920852067e-01 2.298288795728702e-01
1.254304065254772e+00 7.120086636717817e-01
1.145938475609617e+01 1.830844896387512e+00
6.384478427917649e-01 1.888903456724415e+00
4.143904245361488e+00 -1.826362051907274e+00
6.922652981313858e+00 6.779712854067261e-01
8.265766676784470e-03 2.522893848915304e+00
2.260354384065489e+00 1.045726115986918e+00
2.272978100741615e+00 3.542833078755231e+00
-1.249277242766981e+00 -3.994726252557163e+00
2.247813328341420e-02 1.914199501145645e-02
-7.177779658354699e-01 2.596893677726682e-01

0.173782917604962208179568442195e0 0.273280680770447798947895370108e1
0.312745527521088430668547519887e1 0.512456002023886104835802311765e0
0.113134219564868952397704298107e2 0.254870609713796008482051336426e1
0.217466906338717874232937447380e-1 0.207819264081107075185588341423e0
0.482414079261820022557292093762e1 -0.249043551517797299996607862079e1
0.787024112276755405754784030521e1 -0.745892965011438412670280764447e-1
0.675707853821079645862019909791e1 0.450899754787761335620457607898e0
-0.516912162226834785540964998688e0 -0.429327451839045910277995552588e1
0.460856100160949867710281277531e0 -0.264702387836748603636748864212e1
-0.437735675680082776566109719773e0 0.195584982575268129300582495347e1
-0.155734624149006508827188077916e-1 0.710995925793960727756849498867e-2
0.737527462712761001943323286313e0 0.291886348661255918648279397394e0

0.597128383651655361350e1 0.311923531873565762235e1
0.851890386890399185695e-1 0.142581293740073041501e-1
0.222511676744302401738e1 -0.161079616623613356254e1
0.166579591035144075682e1 0.424523823655879624503e0
0.552237027171044201658e1 0.732730028867574175507e-2
0.769618290081633502856e1 -0.471171549609774091517e-1
0.562835888961030263167e1 0.313017007843968941578e1
0.258362594075597954736e1 0.335555858597903832900e0
0.193508188888111937838e1 -0.167018644273959023601e1
0.100836560711060808709e1 -0.110608119435378919387e1
-0.369721748905640148770e0 0.379309008150214466620e0
-0.307639756990658900376e1 0.154514671910830374280e1

0.282201834925591795431e1 -0.117419923370742425469e0
0.121044147471273586495e0 -0.250693920061943476414e0
0.113975086615365396661e2 0.349826500428336895077e1
-0.137675557534213728584e1 0.164001280262069995021e1
0.322487202267611033414e1 0.394572117366390212915e0
0.819336968360058578477e1 -0.475135677898587290490e0
0.215974680494812290099e1 -0.171007961608104038637e0
0.340780241770354841197e1 -0.232319914565222861982e0
-0.208967510767478278477e1 -0.583700941529957308693e1
0.611292888106185163541e1 -0.173954362092313270772e1
0.315928780030204011891e-1 -0.459459351305334607635e-1
-0.333097135091402222817e0 -0.787846827106527169504e0

1.066781657316569e-01 4.713305229930763e-01
-1.352749735075214e-01 -1.159607024264833e+00
1.047698674581923e+01 2.049308133724126e+00
-1.707780716802493e-01 1.835808390479271e+00
3.380134115365238e+00 -9.650768027114003e-01
6.541341669199906e+00 1.234053479578965e+00
2.077652288158931e+00 -1.378994752045742e+00
2.326146735172497e+00 7.257828676759054e-01
5.988353335726831e+00 3.712560186467365e+00
1.047423287317855e+00 6.566117201884076e-01
-8.564057332201325e-02 -2.679036192703762e-02
-9.111895158629835e-02 6.192460623534499e-01

-0.135366029169098636171424318782e2 0.442687806566142915226270978654e1
-0.357840041820599874314837556386e1 -0.150647711093215572568406873817e2
0.745420895513755165996287640755e1 -0.988901574301619295611159089638e0
0.352962179394053021460448596309e1 -0.243303822970196372134124291722e1
0.114766397783419762348175913804e2 -0.192896945471649591145308604945e2
0.238483684677815926760951787316e2 0.812638591541545815425721511135e1
0.100120924279058129296660437744e2 0.159864640548127710339980429224e2
-0.128915972687339463920237773014e2 0.852455129290104769840899943722e1
0.258313193723444983522051068810e2 0.316169829226410172775913106096e2
-0.277212285485621768713138040039e2 0.238494586315370626933440387685e2
-0.127614511132277193923481931498e-1 -0.694746343096792750503959642225e-2
-0.659124916883155733105294211244e0 0.459220201996574804281464485819e1

0.721786183194246873906130533651e1 -0.134714730118098997255735875246e1
0.106809716467582164835484291457e1 -0.570610610737363490244445099761e1
0.776450512117709712480779701524e1 0.537337051588081048531975957036e1
-0.338415513236751525493438211999e1 0.201467969500253915891788538279e1
0.957583219284207601845406071849e0 0.469528755316578940147577453310e0
0.953080906050233117626638345317e1 0.163525687567565611562531227822e1
0.143707653689797864976646577587e1 -0.459559012059345306526313697695e1
0.398268852683032501336404358560e0 0.298858223061336352896850121255e1
0.529737602678502802406706886982e1 -0.103999065715783961163142165300e1
0.207159170041773235446739795707e1 0.673820007247265850549162158198e1
0.213790617765468239836922340647e-1 0.100101333173136796310843256157e0
0.200962102573192661530541597015e1 -0.893366346578277621021846477089e0

0.328434919271794302449e0 0.942013638866574488429e0
-0.647790125094288909578e0 -0.312573365312266149665e0
0.106450014554995389931e2 0.217609869697954257323e1
0.982782138099426601490e-1 0.146089222807769458887e1
0.509363423443454748155e1 -0.272331196528996121982e1
0.688154265947267281206e1 0.103974069214688757804e1
0.159441484829432234558e0 -0.235557431526376755181e1
-0.441229286955752154589e0 0.441107179192996698338e0
0.358383570373941144063e1 0.361982707160503182266e1
0.343087479757258993155e1 0.321758640318045356166e0
-0.156933763112422512667e-2 0.211232397400518172283e-1
0.313299016643436222538e0 0.394370511365594260546e0

0.196540930933759366633e1 -0.146261489183269782798e1
-0.905109723635938813783e0 -0.123457153423724125927e0
0.683895001579817450599e1 0.581310722935817477926e1
-0.101607769987112597331e1 0.371175743062870066018e-1
0.355461521220686707816e1 -0.251653562294106637482e1
0.654025973188273274583e1 0.173383548602693186706e1
0.405043224842695436709e1 -0.104069402010629659524e1
0.525166158058411715716e1 0.725025725651728210038e0
0.669227073316255655425e1 0.534673922842922750773e1
0.230953498003326622656e0 0.102517311712525017629e0
0.895501205033123259268e-1 -0.237055084688783192446e0
-0.509822414089893615678e0 -0.122614520301833037350e1

0.321106839184146021401e-1 -0.514935049063189492096e0
-0.110775684095050890856e1 -0.457063800237836145504e0
0.535857708667176431926e1 0.152678287650693338161e1
0.168018504578659824125e1 -0.692185303538299453877e-1
0.498933193781397291405e1 -0.274588447588864668762e1
0.811926333307161435943e1 0.159975400831394452654e0
0.915208485596847779679e1 0.638753253507487848278e1
0.330292335157261332870e1 0.868891236413106317240e0
0.538237144802840594823e1 0.146258469012012373093e1
0.187161629177849501982e1 -0.133240392613316172184e0
-0.225653339809503282300e0 0.151266888262193081708e0
-0.549203591772497463864e0 0.447470228196070168625e0

4.046789162689162e-01 5.287346955202484e-01
7.835733648349222e-02 -1.775712027239607e-01
7.414486319271127e+00 2.776038323502171e+00
1.117305959298063e+00 1.125823900744734e+00
5.224524794552120e+00 -2.052586678394159e+00
6.438218026981655e+00 1.288909158620365e+00
3.717489879928207e+00 -1.850946554738520e+00
-3.061721575913929e-01 -4.387050987053855e-01
7.394632730558989e+00 2.840880563190152e+00
1.276589617655894e+00 1.297172972069789e+00
1.139721757295400e-01 2.644673530982004e-01
1.885191686388269e-01 -5.735575758991431e-01

-0.183646114732823093031e1 0.553381771728604363036e1
0.605819376728961432729e1 0.218180720481997129836e1
0.114780716556938990223e2 0.203691407127196926733e1
-0.691281501393914281394e-1 0.179590818724339604706e1
0.263403233520422036117e1 0.116840261438250129426e1
0.953043640806574387028e1 0.135390574303191550220e1
0.879874288269287340575e1 -0.830008989471966442575e0
-0.876226498976404545235e-1 -0.677970094244549401161e1
0.436501480822370498819e1 -0.904401135521983285878e1
-0.678282085115002007824e1 -0.432739820259512365927e1
-0.386870174178007934773e-3 0.199733449520823482655e-1
0.856536241537316424158e-1 0.633649770047122702426e0

0.267168741782379188512e0 -0.431110961883450618864e1
-0.211844181717163640498e1 -0.726329938800999415870e0
0.997606971551021625994e1 0.481947009010235510396e1
-0.152713684410144818408e1 0.224294532164160660107e1
0.618994795078956881870e1 -0.112891502490268096515e1
0.699840350005293084217e1 0.304853318046720797130e1
0.163696684147533935119e1 -0.230484194278285091958e1
0.136004153587219010280e1 -0.373184043542341295388e1
0.271174772086796134272e1 0.410736377685788225846e1
0.734046778865288707290e1 -0.153997595223490756446e1
-0.763615929262395490756e-1 0.422360620914844259554e-2
-0.112996937383471902851e1 -0.158250146184772622689e1

-0.519261671686206486935e0 0.979987775812500699403e0
0.194372616271901663240e1 -0.716751667344044016063e0
0.101957063949396763191e2 0.372673105112075204949e1
-0.195035422786952872872e1 0.477703408593824440298e0
0.159490176518463869931e1 0.707279992255049256601e-1
0.626325955246533770671e1 0.228855834339486391752e1
0.107939204799190599142e2 -0.385596054128090027320e1
0.186227034379303187344e1 -0.492607897320694821872e1
0.643506824841072460480e1 -0.402461906193637204915e1
0.499604234610485633487e1 0.122141434049490270558e1
0.201925146604866196475e-2 0.501616509358453094121e-1
0.254008017164757679833e1 -0.898130156860843826096e0

0.179281543520941159039e1 0.625311980302450782360e0
0.154093066504118977596e1 0.208600548316600837022e0
0.110280862246053585340e2 0.268046957382151826866e1
-0.430155877953924608865e0 0.481961681985371461504e0
0.489111610455028251879e1 -0.289916474003307836523e1
0.798790147164333245392e1 0.230870406571448632572e0
0.309535299764805211077e1 0.238098314996325524824e1
0.597598632731083352653e0 -0.227629397290902653469e1
-0.219793008512292488080e0 -0.117578049483024807398e1
0.290453717134731595321e1 0.128201894730877187490e1
-0.166765842036455298927e-1 0.129530770904793943406e-1
0.784892388651204408253e0 0.134993302903291784736e0

0.105201927417837389255e2 -0.353792568798806184027e1
-0.191776545274809904768e1 -0.567417335541447316345e1
-0.661970604772771159519e0 0.333189272351131562911e1
-0.137856600433478041628e1 -0.402178719425514940525e1
0.500558684640638747046e1 0.229866853815747475514e1
0.346063457617659644885e1 0.648921262604764936257e1
0.570688531749741862235e1 0.362235373366538458044e1
0.129470994038688570768e2 0.238647363342437159213e1
0.152198074747050904939e1 -0.229869108062188118812e1
0.967858548853389264680e1 0.384860829964779793048e1
0.528290884622463459292e-1 -0.950015272678962762208e-1
0.954090076076677413050e0 0.301751288930616712119e1

0.318159744330368337000e1 0.424464119605239102945e1
0.427524415445236023302e1 -0.185380084228399820455e1
0.130180865375662079475e2 -0.128685685653348109753e1
0.115958826688482424241e1 0.222633200387760923369e1
0.204649773615213760938e1 -0.443574021127244178322e1
0.368514171592478404697e1 -0.386590051036312367392e1
-0.226060231517566657716e1 0.821304782806281678505e0
0.280003743085037312514e1 0.339766257624423635990e1
0.732954365113592410915e1 0.220816799836709065693e2
-0.179297483522503115390e2 0.122684779044351124355e2
-0.565096218560478124334e-2 -0.363893670855961082659e-2
0.152232339369198259820e0 -0.156213989357829269140e0

-0.151845263861373775483313611948e1 0.166470440493517504089813922467e2
-0.154086343262634206356750449180e2 -0.362260622197634086504169703093e1
-0.114159214858911464105159994207e2 -0.296622097270610861871536583929e1
0.570537321569511537893272359061e1 -0.166229707167256609422825338835e2
0.266461570669209578095386643469e2 -0.828521337938180075077922262111e0
0.457104806446876892115887877386e1 0.221934197672734214495930707676e2
0.596572270472795567727691481843e1 -0.114745981982372173447521824558e2
0.162812432925793890871878946395e2 0.152760888077046711717083556475e1
-0.962697602548487487755397210333e1 -0.697787082482079500331893860008e1
0.107224564056526226912163390859e2 -0.146838626216754855065469659260e2
0.211006821289626247691995554447e0 -0.931596944710727878136898158264e-1
0.334765267922734015679739591417e1 0.224704361043297230887061963570e1

0.138383742898162310749e1 0.313714132282758809763e1
-0.526738427323145014377e0 0.472984025688793414954e1
0.849312059149660133952e1 -0.557439195618678123194e1
0.786199653597653971577e1 0.119795855550296900566e1
0.114588038377863382297e2 0.229783632939833064833e1
0.164458176371558016952e1 0.118317132510998376121e1
-0.112102730775573898843e2 0.108824182152731260042e2
0.955135680812206340744e1 0.222937255994338782788e1
-0.146177207567182902194e1 0.496496590488758129711e0
-0.154726336827594386698e1 -0.869515368184619167648e1
-0.654562934223637335267e-2 0.902968765034244995340e-2
-0.194631363912802688977e0 0.310953888087791318121e0

0.572472556799791237132e0 0.127077179984543848021e0
-0.468286589786537535868e0 -0.905162557280486993545e0
0.110988840726608229692e2 0.162717750654484660106e1
0.784979983114680407615e0 0.128369814184999813669e1
0.482358197962120557227e1 -0.987803102740094771529e0
0.578085504526680313449e1 0.583777182149949842860e0
-0.687926437390029485485e0 0.107296440749758625931e1
0.433905964939418830424e1 0.268201931714182602003e1
0.101419815385107408841e1 0.418231658092459616287e1
0.646487480883921361010e0 -0.130097533580073585293e1
0.148188754706972821417e-1 0.316252765087646506302e-2
-0.430533880169579921161e0 0.324481039504058951556e0

0.432705340143836608084e0 -0.739679407756940771344e-1
-0.106088595942133377984e0 0.893554239687675301075e0
0.934642402151767993403e1 0.243555255115039140552e1
0.156738156189093257487e1 0.341907841152596717591e1
0.270084592868873292265e1 -0.113615998317138866764e0
0.535655485896599821947e1 -0.319564023618914993521e1
0.446066326292523295406e1 -0.216346260627378551887e1
0.124058405303428478570e1 0.152735808534236270435e0
0.899562826315634051638e1 0.206540356025894017910e1
0.148055634357850788164e1 0.357913117379858058834e1
-0.164349845547656777051e1 0.902417946097067867151e0
0.876194525704721674509e0 -0.178592110106717761957e1

0.319064068512598279087e1 -0.925220415280372903083e0
0.212025756422991611605e1 0.106253571913107734952e1
0.104208928479983554847e2 0.286155741975601218461e1
-0.151991540869381464669e1 0.239127364648500676273e1
0.241849407053403947249e1 -0.155961302142522984307e1
0.600518547642955796001e1 0.613477303776325183894e0
0.330355716802000047040e0 0.126188827632151800653e0
0.264003236331631752618e1 -0.196655469551365589165e1
0.426782205016044319766e1 0.606942169781178176300e1
-0.794915709490973586716e0 -0.976356513314706608939e0
0.141984963244737950490e0 -0.357888364179986236607e-1
-0.135274376126423735950e0 -0.988031592326144569724e-1

-1.115034026558885e+00 3.684423184806237e-01
9.065823472742233e-01 8.958768703743276e-01
1.136484350650554e+01 2.408138905607843e+00
5.576725383627131e-01 1.807140268713778e+00
5.283904379252118e+00 -2.846442249522920e-01
4.835757770795929e+00 1.724206169468027e+00
2.768566604584886e+00 -3.222864998636688e+00
4.617778728089921e-01 -4.111833075562682e+00
4.638923379747271e+00 1.762326375217045e-01
4.091992588565253e+00 -3.537978696669755e-01
-3.478536600690588e-02 -4.529018204529734e-02
7.717508904505907e-02 -6.220546774823301e-01

0.607521935608161202835e0 0.155554444692473029519e1
-0.119057736775895563121e1 0.726645714224387389386e0
0.113716886398882730466e2 0.163860050516470062221e1
0.132582082655677710231e1 0.320083833237779155178e1
0.439369178618920744588e1 -0.105065048946182132102e1
0.673449809038263155162e1 -0.277044021369786350618e1
-0.800248011655138029741e0 -0.273449885246729162405e1
0.650257298261871595989e0 0.211313821000104961733e1
0.335219456532094413630e1 0.236515017183818867554e1
0.168163663235610512359e1 0.972917830082942098637e0
0.969801217492685935359e-1 0.912545060754168596768e-1
0.128859499164253586332e1 -0.738793615816955051329e0

0.103424027149704534723e1 0.942040652576229656169e0
0.721329422772444639770e0 -0.265223921444651440410e0
0.110014538800729581823e2 0.166936988697750520946e1
0.483913933693875646059e0 0.127263461246694350938e1
0.537505286772466247223e1 -0.180454131824610155882e1
0.645509438981744045581e1 0.145180573811006846706e1
-0.180771599223880375697e1 0.409892365603522865149e0
0.211874315480383855394e1 0.113445578300642903042e1
0.945861143234787896724e0 0.438699866282436142049e1
-0.826490545506668604434e0 -0.193787461769171589989e1
0.293578922020955983522e-1 -0.218244015657553027543e-1
-0.306661657757618771495e0 0.388929370464822846528e0

0.465022778856655687760e0 -0.199934422549911950968e1
-0.803242300697161146466e0 0.792102247282715955063e0
0.953149696693041682989e1 0.683523048512214934178e1
-0.208001194927619875589e1 0.297441745448104853298e1
0.239208934652679627896e1 -0.147709733558738898554e1
0.797669673458084060912e1 0.121180216762972465475e0
0.399186610025070374996e1 -0.308003711645698559363e1
0.550601172225146257445e1 -0.325775474157868719744e1
0.112719610677598850142e2 0.912880356729377485936e1
-0.567478503433100371720e1 0.290294392064703222784e1
0.127344392960757581248e-1 0.410858739938213230937e-1
-0.251299215187313771991e0 -0.259790059297987575089e0

-0.171894320865727449356e1 0.908625143673871088837e0
0.119416867774488792524e1 -0.173340047490357586476e1
0.121746098532020982129e2 -0.126347927458684586321e1
0.537543153212903838207e1 0.358135961457205635890e1
0.266551795172497598264e1 -0.384810450221214450585e1
0.412541582704792010854e1 -0.331625497929092682764e1
-0.682864453164838142553e1 0.198402711163672853124e1
-0.508559941585800666906e1 0.144502775893794883789e2
0.777935061168267460822e1 0.830844946647030247779e1
-0.620054085984709624265e-1 0.408466243816341784587e-1
0.903483152796821691594e-2 -0.875942621433753381404e-4
-0.233287499420437880276e0 -0.149651893953663800963e0

-0.334185930730151345164e0 -0.103735062868601670186e1
-0.144338714782726302676e1 -0.278873449737549298469e0
0.608612313575573450966e1 0.148797393274333044797e0
0.163216906509396557519e1 0.111576172123314687219e1
0.509296082273011434857e1 0.313370863651112481789e0
0.831733813032526959463e1 -0.125650072676203128016e0
0.109612961149892920842e2 0.896952784344104852611e1
0.741041250051193053135e1 -0.293104156683024063808e1
0.575254760214206648265e1 0.143411647814672092542e0
0.474793938110792666004e-1 0.596495520875771440439e0
0.173399936428806793828e-2 0.399633671296706807645e-1
-0.352512300361452057948e0 0.606179271098991657193e0

0.487549186629494039626283910498e0 -0.467599627544889733932085333857e1
-0.403738339748884496547001051089e1 0.766948927052139546566001394369e-1
0.146028629837305720687055322806e2 0.237984779881175991112795565763e1
0.199558175882670509407397302988e1 0.198160183164580306797316519045e1
0.599963583221118202160230007383e1 0.190381190928153212503511764439e1
0.541844062067030791641975025763e1 -0.402930992680345456957557491571e1
-0.868860355232314719229864123807e0 0.478337121459421967264308008607e1
0.438867651255887375330201270417e1 0.497654903592153990592238485199e1
-0.125848284239241567197797783575e2 -0.145519528038649037340443802702e2
0.230863313603485982848326027236e2 -0.606933027243952750939454461466e1
-0.256072487131118566274799205134e-2 -0.262772874225122933211690856002e-2
0.143202031811508432520599933965e0 0.459372590283127591409757592936e-1

0.416535649969461752116e1 0.569644102253115848684e1
0.253939500432728402037e1 0.156143607378985995859e1
0.238058653427377463468e1 -0.264185246006486821853e1
0.341066748810411367299e1 -0.180122686442266696251e1
0.778827654807568604736e1 -0.340984191408259592671e1
0.714722597932221202950e1 0.120162097378016773487e1
0.586787500807531037629e1 0.643034406663708273111e1
0.433139249501865912945e0 -0.139937312345989491784e1
0.207369724891182531656e1 0.245308108304039459546e0
-0.352009678088113500726e1 -0.522338247199865661225e0
0.279745154364174137795e-1 -0.125399115887313392171e0
-0.307694095139467076834e1 0.300637178656077201899e0

0.111335975943084768561e2 -0.705545832842282376156e0
-0.671602166086316526832e-1 -0.591354736343005748297e1
-0.319307992707781288649e1 0.272705141174849614492e1
-0.490777500928035300722e0 -0.630576152106299880461e1
0.625093715858863773101e1 -0.647664483718200299821e0
0.355652244585700751502e1 0.843351247604397912493e1
0.559337095152355766618e1 0.288888877859054507536e1
0.843763766634251952386e1 0.404140942106749183772e1
0.159457954232954641528e1 -0.208266903123472067001e1
0.822554413482690328745e1 0.347667112422549545855e1
0.254122176255114774486e0 0.154729947413140908423e0
0.364459024323351685383e0 0.156010253986535864549e1

-0.972298557060057521599e0 0.291119310219892743046e0
0.732761159703476263650e0 0.138640665957610100542e1
0.118814200475291417364e2 0.270811595127105712031e1
0.726601209513122980898e0 0.322008741307890041568e1
0.291923451231507516705e1 -0.316429536925421890994e-3
0.560466522017008736672e1 -0.186764160710268798163e1
0.449671902716419097856e1 -0.281279022660151187588e1
0.418211860364925382821e0 -0.265121718800732781326e1
0.715888580287160951332e1 -0.103130288789984829239e1
0.359793332731334722851e1 0.214712246348658459638e1
-0.761774785972174230646e-2 -0.125221772981058629304e0
0.105539896119347390718e1 -0.635830455083552293131e0

-0.169353945293775795668605186017e2 -0.161023130484103917922506807174e2
-0.152114465193322088442790359095e2 0.190404428309351982097078229717e2
0.394957271042148881267944761929e1 0.191195328482213305905406060762e2
0.176875620671927557223263570066e2 0.431991870718942145308489311591e1
0.213097244213053719843867052958e2 -0.743274572659936538162537311656e1
-0.108871915773896416087742831592e1 -0.173813199653475020603503574395e2
0.484201300688763538812991592342e1 0.284896027374146537796339823269e1
0.500696253662326834462939625872e1 -0.282981075952679005161344822004e-1
0.112343370323245676647644498413e2 0.860391766318676125184228128880e1
0.822997418925812169511590167471e1 -0.523695206086066597987098426582e1
-0.721826312038228330874195313010e-2 -0.974959877740419306083542264767e-1
-0.733413313789026544735796312726e0 -0.739470637473950756607476323033e1

0.205920254800164668086e1 0.238068007738922483071e1
0.280790593565989955553e1 0.808655466715615519062e0
0.115643939378188800402e2 0.183525924380433819996e1
-0.714932695444468832178e-1 0.122355506917005992743e1
0.192360805071808582038e1 -0.230198105009562411821e1
0.574287376502320675523e1 -0.176949847581689517708e1
0.129830615722626989091e1 -0.583759690970845524123e-1
0.238219664929129949066e1 0.271502766790493020653e1
0.236748899511160289504e0 0.399300066436055102947e1
-0.287580692286145974952e1 -0.190664440506306382761e1
0.216887999123799128958e-1 0.619208334407400514737e-1
-0.130611472678497732053e1 -0.359192747245139939647e0

0.167685022099190137356777318889e3 0.440030013549819748189879831838e2
0.452573098844910335774001568196e2 -0.166308526857415979282758992582e3
0.271798699256217983641060902572e2 -0.133909418682622858009958656548e3
-0.134611033259364440475002200256e3 -0.187560393144223513828872315400e2
-0.110071315461228836420382371711e3 0.262608923863699040424743138056e2
0.301327107377363751415782511395e2 0.116454756482861734951414349948e3
-0.338774103734030573969206405598e2 0.178464872321146150395480731001e2
0.210675624659152846269751679363e2 0.369969131595635889492631099746e2
-0.770735939882661306846732171837e2 0.765399489613372955975648735157e2
0.798740221517788905436619516176e2 0.804501930117719732275789483794e2
-0.168869000870285112137450942079e-1 0.121092031586044242553374975459e-1
0.185946996243680619358450708404e2 -0.208147652362094116593448220851e2

0.483043636714471719996e1 0.152692175684218802681e1
0.305657643974736605068e0 0.915514192481668548937e0
0.370446807003441573440e1 0.133448282580851975278e1
0.199561477283747143419e1 -0.364479667954684105358e0
0.439280405560553977723e1 0.365169367818801217504e0
0.296783591469461935147e1 0.381494732096126023559e-1
0.356355185699306232431e1 -0.683364115432956466679e0
0.585852381765423619849e1 0.276408388645044356753e1
0.321622199168486674762e1 0.118697013079584865727e1
0.161248305889637185307e1 -0.209918147416394480840e1
0.384861800290271595056e0 -0.401752302609596069905e0
0.169461669838123885678e0 -0.191808602193530959595e0

0.107846277438812521633174907453e2 -0.308091529510505089683366715943e1
-0.150240039639811937502831023718e1 -0.774729731003208197900543260011e1
0.975419531719497683735723105642e0 0.638876793125537695853052077122e1
-0.202862422277049612396656180812e1 -0.191859575935496408680895772449e1
0.464210284090499286400669810486e1 -0.259943776656041223310385293683e1
0.830263030373555794507799868131e1 0.397083212798483977884867112012e1
0.148777676786816923059583527755e0 -0.185056629191016622978231834554e1
0.197977989306802577965590637298e1 0.785909010893043289271336176271e1
0.360730747421448802522011248417e1 0.331655087026874326043216286705e1
0.451780499681395992770846454936e1 0.869807760541403405115677147654e1
-0.976459918064884892562839961999e-1 -0.494124891341368896515840553298e-2
0.845306052534974008036423149061e0 -0.187478014561192384874565534089e1

0.424726444869991523988e1 0.218475502659892877565e-1
0.243107971286017607478e1 0.790800186221656232002e0
0.412980620523807250965e1 0.536324465392399257627e0
0.279047312159382952150e1 0.221249028716085014128e0
0.620072487707721333502e1 -0.179394989099897070751e1
0.363164157116476112941e1 -0.161764479035054115075e0
0.550106808468263741704e1 0.216283890130488406752e1
-0.937981540452855715737e0 -0.200744600221800203717e1
0.462503328459809799796e1 0.160929676248247644941e1
0.297989105078645377558e1 0.297359341869519676164e1
-0.110339151339028175791e0 0.209707884059593311420e0
0.498896301007045155876e0 -0.123825236582020633725e0

0.353508088609414935289620350310e1 -0.541528501401405591273829737185e0
0.306734159575818997967078769138e1 0.291326168156012816329707259663e0
0.411712286231980939803736766469e1 -0.453533888238524526981457927868e0
0.318268746682708819195965146625e1 0.228575831749117643758984864644e0
0.666178557764165341400410974162e1 0.117614009430175064469690079501e0
0.259122022980596907960582690580e1 0.193333447351213568570401156496e1
0.547811010735482286774488627092e1 0.301203800181958098824239768215e1
-0.114804265839686493404565667970e0 -0.313038064230716938554656383997e1
0.469734880447053226146266617068e1 -0.425558198890055357988390441466e0
0.418111689316846367444595451285e1 0.900433069260530538708003090782e0
-0.447807032943737810109755509946e0 0.260456036661664667172608957306e0
0.252567771368767249380467605641e-1 -0.158362000872620627066663399682e0

-0.102209585813840902140022211588e0 0.466734337580674511470696215902e1
-0.339549091382754943445041664143e1 -0.177230646307183900322042437895e1
0.195304147922713754833341609189e1 0.616452040800133343894969011007e0
0.343773862161609585222346702360e1 -0.412849036545174653998537350121e1
0.111062311802465148293478267330e2 -0.389906530935392917050139457855e1
0.700965938149533409991927977374e1 0.576014074063754356280326056693e1
0.392131285026074011251920289943e1 0.865974792052432410148974527861e0
0.399372496541198593539026443028e1 0.322362658483587628193370356977e1
0.255734074433046349290414077416e1 0.366009347801241872943425329360e1
-0.732090382751084572185198151336e0 -0.181489019884746840263778277506e1
0.230609212413125718164850040832e0 -0.199059725209057577502939214490e0
0.291727446743786396024091407438e1 -0.280913168773256034766197252331e0

0.241755208474899372352801663863e1 -0.307618724400408088869059372459e1
0.568866523757511676355709329057e1 -0.579469902879057069877228022061e0
0.117273740449504968284008559676e2 0.260542006660090253640390278785e1
0.777295824813850647804379005626e0 0.990600556303815308656402047491e0
0.149478181795975305839492767898e1 0.294214819000050540159901673108e1
-0.462778152744412149360720154737e0 0.117879217284662755495116826500e1
0.398283516656000401660417604148e1 0.573671692084597781840505547892e0
0.332127169340657610096004924577e1 -0.153021311859887129382795531112e1
0.190919387092110592435704617136e1 -0.539061675030655354490538339705e1
0.828484824608401897589992992215e1 0.742916529800104947949469848169e-2
0.272322327698794795946956768513e0 0.505659164083442867627362411582e0
0.432517677936383716890084659960e1 0.535471632002443628394599179420e0

0.968016479476419881995481487986e0 -0.278069501857060046795428969287e1
0.427642699243493679134918709388e1 -0.734573531197930717572881122952e0
0.114522408617871853914481508194e2 0.282469454708249327533526289903e1
0.160778976084223068444458760731e1 -0.827175706073100837472562428602e-1
0.580095490243226959104632813767e1 -0.135818721495021361415885107213e1
0.200439966376058291951954404278e1 0.229389406089895610706481469554e1
0.171295375049031692929901823020e1 0.302470616146381621691918949864e1
0.580954816226181934452687587536e0 -0.239154297610248254179717827611e1
0.913278997691668049720491864617e0 0.706088164512037214095213282999e0
0.459828009825226287104821772787e1 0.212535781050782677532072307330e1
0.440477515392358639477285066826e-1 0.138778500347338923992003119721e-1
0.223336231947857867205146760043e1 -0.472837879897677431966559252339e-1

0.365300045605168233003e0 -0.122833008811225693807e1
-0.984876331082456228628e0 -0.563916004910176521829e0
0.113834762033424800789e2 0.181952283597220340313e1
0.832732320901672905321e0 0.106907339198092116118e1
0.308526843139243537109e1 0.103534891771248402945e1
0.359714195909777158982e1 -0.455698714398138906016e0
0.210046372559476337443e1 0.209743103307327122611e1
0.846074304679244968905e1 0.305620120047956469523e1
0.927062047668459766241e0 0.106616621360258642247e1
0.462646841797426936057e1 -0.184431166034236719065e1
0.298984315205405196680e-1 0.569958410087928769790e-2
-0.846756532242033913872e0 0.437789974731705145799e0

0.348557661930938429240e1 0.117049378269678912203e1
0.206669635451645211958e1 0.164397159679462573877e1
0.114774175921085025967e2 0.202185013710409349202e1
-0.317581238742263503123e0 0.197282945891050149256e1
0.949987976097304459707e0 -0.322724383755859006679e0
0.410526813544101745702e1 -0.289863794338321899345e1
0.743757654095505965695e0 -0.846925119032038688607e0
0.501711541607943389181e1 0.240959213564293624026e1
0.161831745637189449685e0 0.253997010625097981683e1
0.214721398613352240908e0 -0.216540150313779326124e1
-0.251475470017150226084e-1 0.752896334374314692132e-1
-0.160699590415791887510e1 -0.433918442648977407825e0

0.189842431295684481365e0 0.137050584957892001192e1
-0.694434333327592533710e0 -0.881348037130804506500e0
0.107653886062171001495e2 0.180530936452176850099e1
0.111482482448889868682e0 -0.147890663183854109892e0
0.529758669067151170221e1 -0.149935344583013494956e1
0.513718529688394897736e1 0.237557664508824099327e1
0.264555431041993828977e1 -0.175439756675974135652e1
0.263313737436976946587e1 -0.162566082773750491121e1
0.395488783261939140989e1 0.889819967096631413454e-1
0.641529102981811531758e1 0.302417705446439593611e1
-0.268849579064876596768e-1 0.714294988604672915683e-2
0.386685758714991295907e0 0.344271403012303142129e0

0.457158864144788088706e0 0.278145605129574776792e1
-0.313466825391857906863e1 -0.143202143422347098875e1
0.500422153589502868333e1 -0.220042486582301908648e1
0.440691870036468302547e1 0.890613345172039777326e0
0.704776091567176931696e1 -0.786669701179230098287e0
0.562761095535164791942e1 -0.203933611898386021942e1
0.707094240392703210149e1 0.100686710176973234060e1
0.883713995583476722871e0 0.177628863034999676194e1
0.727687579891904011290e1 0.720160129961376428319e0
0.489284815182012352381e1 0.677962395373106581960e1
0.128552927439484104086e-1 -0.794557484732605139204e-1
-0.143782853035201853276e1 -0.594838988093914995290e0

0.959642605597647924069942649337e1 -0.361872037164989072942117409920e0
0.409474921709719634632628991755e0 -0.635884934450051807240653783874e1
0.196819419269431010453223696847e1 0.464333540297978042226717011637e1
-0.107117127256203999420884637202e1 -0.104546218400379272286172791356e1
0.410040431357919529982395651008e1 -0.370181357553026968837990247971e1
0.852395699286633409935863015129e1 0.187383198847736038362135620650e1
0.123761512056867361546707830545e1 -0.331813174807501619124674392079e1
-0.285585249531667158232531270017e1 0.752221618120821236710693384646e1
0.373780521703041073910904993080e1 0.324597900417842434585692309486e1
0.246314695927787412056223494630e1 0.819686849801531859195650223817e1
-0.570252803445173823806370401131e-1 -0.113190429479892239844597630230e-1
0.223145159394052585391602458587e1 -0.152845436920305721832934714802e1

-0.124813817732236537905355361411e1 -0.109725536393981728112236970216e1
-0.802352577646280493687003823206e0 0.115826766545618152930377100531e1
0.124697967226034104058363065050e2 0.279054715715321524333764599425e1
0.610677408801788571366502149158e0 0.317039308159230431118155615487e1
0.481918400500721894802625841846e1 0.962605491918269728404095433551e0
0.754458967456201178063380760561e1 -0.145271767016793772428711717644e1
0.381202040209958487576856372702e1 0.487578604231175075451794488747e0
0.230490658507780479348405217949e1 -0.298834114889534708084158402982e1
0.109975208929539622326159385019e1 -0.491881610627084251960290427180e1
0.615162018439174788438421567679e1 -0.160107724103775540143040942412e1
0.265414491264308232084820105976e-1 -0.272573022653005001898379376234e-1
0.401312773427657386522220900189e0 -0.761837920364353170050438397780e0

0.387278245373928050818e0 0.119688580804074765919e1
0.273355303729874024566e1 0.107504961197705412382e1
0.103413345780234479186e2 -0.493047631959599990271e0
0.397097689726639967145e1 0.186980502121782633882e1
0.571228717191358604643e1 0.137698518689846177699e1
0.137790765559408195907e1 -0.368429198370953152916e0
-0.122297396571631428381e1 0.185037858147743337548e0
0.256367411843806244009e1 0.168830057426785197245e1
0.129735462416394080061e1 0.208227814007827540833e1
-0.666986197626251463505e0 -0.302229403696550301644e1
0.330842914683796979311e0 0.323580735183180684628e0
-0.110668520137671139365e1 0.346847457354190912243e0

0.899005306651970492660778554626e0 -0.649325811915368254220436137571e-1
-0.908880383805532849987308098738e0 -0.522380946149644277910214762987e0
0.116030458507067005078838204072e2 0.293445541558765960492266301298e1
-0.864850355522103639347090643852e-1 0.133566370779992116127516532137e1
0.428204630384183551869986082940e1 -0.153777904140204362768404323915e0
0.779497159316170358007025807428e1 -0.789740494637416418204400537372e0
0.285901349957189015588900956482e1 0.828100889443812211914979346685e0
0.340412120915401588439309272348e1 0.555281312367942325006385947231e0
-0.118258467723984010043731765458e1 -0.496999124798875766589941550089e1
0.648981915751440304032326176775e1 -0.557451906856691841261535584307e0
0.569760571079301316306396905428e-2 -0.241592918491249058413132894857e-1
0.371422334469541885013059761641e-1 -0.758424299764221147934544838024e0

-0.124869061360454143976e0 -0.903273612819691566246e0
-0.690392218370653795419e0 -0.683868213746786894982e0
0.115104344480045579658e2 -0.277138697096736449617e1
-0.268822999641362339000e1 -0.155563160679866923839e1
-0.296388515171553960448e1 -0.201859953867265078196e1
0.493788104256058383917e1 0.777221729159467446518e1
0.731295870385189313262e0 0.164890885727604708001e2
0.170245659514392316970e2 0.476629706962387499200e1
0.117474994727144294859e2 0.608569239576196873744e1
0.588918327656019193394e1 -0.732183087097887818056e1
0.179137209759150701862e-1 -0.430988088819831637497e-2
-0.180240870525199054538e1 0.143899433306078388555e1

0.300949735643152562468e1 -0.100261958248380328332e1
0.939475731354261556607e0 0.249563169617411597279e0
0.702614219671147125119e1 0.418626117904973951873e1
-0.329252215296884454413e-1 0.135770878152622000005e1
0.397633211222195457257e1 -0.182221185237388033130e1
0.613458739658376172666e1 0.817433890480236631515e0
0.250137408714240752541e1 -0.110583956986358494378e1
0.159206961847787553004e1 -0.644483203385783301779e0
0.702596841616248264564e1 0.412479544917038743693e1
-0.690729055530317923652e-1 0.156273351116670320272e1
-0.645606910326641200508e0 -0.234219003061216422433e1
0.259512927846138417837e0 -0.153837681629402641889e1

-0.350063094117171591275e0 -0.981895900408467006281e0
-0.106016947605724740338e1 0.189208500703706319050e0
0.111368809654339391991e2 0.220869994358114983025e1
0.163832911011940924337e-1 0.721259929231231593921e0
0.491052920281846680840e1 -0.276326632201952282009e1
0.794689079017902815383e1 0.647598633552223640428e0
0.182875446111161440164e1 0.562110963562272341037e1
0.517741681032449701204e1 0.106755762356531267690e1
-0.286103069056475998251e0 0.345088237597645018130e1
0.176572344334029505616e1 -0.344934260166890244354e1
-0.147588578466123443018e-1 -0.672505458154687488130e-2
-0.211544696846512364768e0 -0.420010716953744434569e0

-0.764690623994806683189352003088e0 0.127667744403860557285205522558e1
0.109601428995865163512644072534e1 0.704074962993871377636688184567e0
0.110071364012929836493922520306e2 0.240081533880505296479797761320e1
0.257977996744109147285047678887e0 0.120466035191154104146853970102e1
0.539414000855764622743139777839e1 -0.286006918995468110254494765355e1
0.652208283873856040019683141809e1 0.308957389489888705835929182885e0
0.485794601317314287026294660225e1 -0.250669460025060139608967284121e1
-0.216396846682116395425807231736e1 -0.375054328513108513544294002125e1
0.292710782776071105426524136199e1 0.147176571517512500975988016253e1
0.324668118118097661167340916460e1 0.136561926410980949608655156276e1
0.649762829070578003001434331248e-2 -0.102706848830279746545063951514e-1
0.405229009829381272392624287244e0 -0.215539506818928143410659883802e0

-0.835525247496790376064663444223e0 -0.803515733885100357049565843975e0
0.669981101782455043419392712508e0 0.909940002971222230711219327609e0
0.111493215930687242884673844486e2 0.840568061908157368591486410935e0
0.286210251430525610874975691486e1 0.173300245361885966151755635890e1
0.428657609552836344672634279304e1 -0.175378998387604360312806090598e1
0.354923309603217976358131984078e1 -0.147418165385528166735270611897e1
0.208109941473215539438860957675e0 0.400728417303297000579044230533e1
0.351087372434316626876007748601e1 0.346948685831967131329918194703e1
0.341350678272798394743325225724e1 0.567093349401972521038378306949e1
0.582288716148844851171345244819e0 -0.153885118906959102572839885364e1
0.113448788164924351227132877228e0 0.116671731054335147908457846703e-2
-0.889988861069310651670368299540e0 -0.373879709706742563504433743293e0

0.988725181075826917386774075598e0 0.617536851205371686823928411698e0
-0.489826423394969063852972345071e0 -0.447874397376988224151453715914e0
0.107797951339159637506048157791e2 0.238377541566460435760317402752e1
-0.178634743780762844459117964918e-1 0.240309937341284789575356128251e0
0.561350224263943748876091086128e1 -0.271073554614661400581948197377e1
0.675075884525018516892156855611e1 0.100246304740092437211229665492e1
0.231165373829799687021586409378e1 0.322880889424224528592353318463e0
0.141171994036024143541183057560e1 -0.168826434346945127989871154839e1
0.224712473308451236822295708083e1 0.433666961914489857262087597122e0
0.541298723991453862473128429876e1 0.331193869652188105429849119173e1
-0.120977729363796684609989807599e-1 0.585084494099704700696627251762e-2
0.585239493476826122099735538636e0 0.206701695959845968785752352754e0

4.223522039951516e+00 3.007238032295783e+00
5.000398602677880e+00 8.312321930403233e-01
4.546488387223520e+00 -2.101387639911704e+00
1.235789807295433e+00 -9.408030117860067e-04
1.706256533284241e+00 2.825297552167102e-01
3.626128750524950e+00 1.054515986789441e+00
8.798714578787115e+00 2.414535982048501e+00
7.978663070503458e-01 -4.630971133273744e-01
3.450163532303660e+00 -2.548825463467447e+00
2.450037531395047e+00 -4.425635594220365e+00
1.191353358575369e-01 6.915657516925780e-02
-1.784425720208366e+00 7.673994946641189e-01

0.631145590818651689824e0 0.683380176989827919757e0
0.248061521892005864371e1 0.685082781741547194886e0
0.582886191279938153205e1 -0.136465296693724664437e1
0.417651722014639233170e1 0.158147383069777211343e-1
0.514078197556292958072e1 -0.381840107620254293240e0
0.142143000096670171111e1 0.441656004700517084100e0
0.782579289608741293259e1 0.336743414913061964817e1
0.591444802877132150818e0 -0.151226243917588798417e1
0.785763059700065969902e1 -0.932286477968929600760e0
0.563438943193484097259e1 0.248081991657838480314e1
-0.171178548656861417371e0 -0.244198406318609930154e-1
-0.396708198646317647190e-1 0.388311531321922225404e0

0.464548710752930556125e1 0.113869941196713166543e1
0.413989214823472294075e1 0.166592324482531306822e1
0.541778226122989362045e1 -0.988503552566394506776e0
0.104386860968090782321e1 0.186741853129447991715e1
0.672377408796441627470e0 -0.889932758180041668284e0
0.538404747673963497570e1 -0.256301275382782901076e1
0.905243974248594974064e1 0.408575264407846069957e1
-0.668800036168478258291e0 -0.821890049393281815781e0
0.578956162803587490173e1 -0.159498848842665004542e1
0.290780367182958536954e1 -0.412441811776699230295e0
0.142993677825222186302e0 -0.354869583506681485975e-1
-0.125700996972800320395e1 0.128467324004814201395e1

0.107324414878355073367230833435e2 -0.915347876436774587861682330277e2
-0.903087019895993244586599625371e2 -0.863703204987325202082542366498e1
-0.701834402345274659909175025710e2 0.523550081162444774685209550897e2
0.521366309568539070872194325483e2 0.784440698143682531928446522099e2
0.847569826325668433146296951701e2 0.577192023084379113106552588955e2
0.630859147869218121666916395481e2 -0.799764390825085379344157163500e2
-0.261889451415827442576022871390e2 -0.345964288564439016550383190581e2
-0.332455957142907797318462460680e2 0.303287360186687009747708579041e2
-0.305464256666167698376390559382e1 -0.109131858375821039832186344077e2
-0.100871983929424255779795350092e2 0.753375143365596899872448219830e1
-0.343604511499778236733831239944e-1 -0.482558614281852813651796424026e-1
-0.814108837230211434480084284730e-1 -0.145758386896173647050163989167e2

-0.150740195208611408879e1 0.161349016164910313647e0
0.318376424352926264648e0 -0.153050733649657626689e1
0.990573519729304215967e1 -0.544446460240531681404e0
0.512457383633021643782e1 0.285690464246910574993e1
0.607412389683862153841e1 -0.198775945807957689837e1
0.347568058753628931394e1 -0.301703541837032698249e1
0.297925879067801558590e0 -0.474497190441014357956e0
-0.389502033102764388907e1 0.593523182506353635685e1
0.500650158619142138716e1 0.660967663097878338008e1
0.119438401765078325485e1 0.331088369991474021597e1
0.176282829299369734694e-1 -0.289696192911894618163e-1
-0.943375542436064036804e0 -0.738769659884801094024e0

0.535666043043094769558e1 0.415721052977396966516e-1
0.298874728425307280310e1 -0.365431226415166643330e1
0.877020818220616517249e1 0.417433285690505829178e1
-0.241106455518350937164e1 0.116681144132813769407e1
0.355885846425831879624e0 0.997185589839044443292e-1
0.664783420264046623002e1 0.130125733638567226574e1
0.430347923819288773455e1 -0.456762537008647744475e1
-0.156148052150573577823e0 0.101721070740553134993e1
0.571154449713990901814e1 -0.232458132216857792400e1
0.360241690965835376081e1 0.549808246909335822947e1
-0.448734246416713563550e-1 0.179727309132288765470e0
0.236419350354982207548e1 -0.100766994341604439276e1

-0.711120790954426655147495435682e3 -0.177773257051613531411633948456e4
-0.177768862681733582936580741872e4 0.714800554945657657140206761332e3
-0.226714779721344359526778097096e4 0.235492290200909131843196112176e4
0.235508827832115982441787288443e4 0.227560875414112350637554820462e4
0.302232388544825502197370247711e4 0.166873476068030653361468714838e4
0.167452097221519410410575442421e4 -0.301754532977280280739020262430e4
-0.101731369486587247680024123125e3 -0.261761460254613613525196156497e4
-0.261594240349391065324748396524e4 0.104139937754303535939267495803e3
-0.217581726132509224106722551601e2 -0.214490251029103904734744917421e4
-0.214324652343055226566805417816e4 0.242063085184000262477691852677e2
0.222500760259983743522938585607e-2 -0.204941512036669930996543110930e-2
0.933115056393866288407386455001e2 -0.147536206646422678094711697881e3

0.331208699660201058112e1 0.389916177910765602909e0
-0.110949239953071931010e0 -0.205688740643416653059e1
0.513313362908311990969e1 0.304035541446872367754e1
0.162685357786558675366e1 0.192570357970548032241e0
0.560416593552255708557e1 -0.261957312150476590452e1
0.742200440127172487081e1 0.124660123426497608892e1
0.468885419442014917492e0 0.343427706035781172308e0
0.488096914732479154149e0 0.533178016916307490492e1
0.468391108221375040803e1 0.351058239077424310702e1
-0.103533997465446367023e1 0.966412773776005528618e0
-0.687765559516269439196e-1 -0.102460237636358672531e0
0.894454566550547799366e0 -0.856446660467601314623e0

0.310908411454652186079e1 0.294116828748729941230e1
0.584995544011518294370e0 0.361628736789823564644e1
0.532512411099571774265e1 -0.178203312868029079246e1
0.558320537733780812356e1 0.103728296886896445691e1
0.940351935791864574320e1 -0.201914539993119542417e0
0.500210422555123743627e1 -0.228127146478590759259e1
-0.336331955670237749568e0 0.593184771988241102371e1
0.345021082816584274446e1 -0.116611424819445580058e0
-0.881561023865552795915e0 -0.299309366983372158940e0
-0.263117891904699738510e1 -0.284667687332299924885e1
-0.548416633319493767837e-1 -0.114935776299277575293e-1
-0.205117250099515395392e1 0.880361628347084780523e0

