50                                               

0.209696761519816798880e1 -0.418645475700695348341e1
-0.623084061382630448064e-1 0.592138470078399533974e0
0.970087306112620914068e1 0.358508492136793084377e1
-0.592151678229671137813e1 0.709444551280107795215e0
-0.304813794709298471189e1 0.683809928879740511285e1
0.131785536251410293172e2 0.767977099509416754469e1
0.272097147745673594043e1 -0.965103086402674379286e0
0.328814827408944357985e0 0.363337530087921565603e1
-0.170932970613193518992e1 0.354741284450390716783e0
0.238476981944586251911e1 0.186962616958943052213e0
0.901630115687998124133e1 0.314551210575318228877e1
0.517823288830849596002e1 -0.725442348253408919329e1
-0.169070177027687699513e-3 0.215409112491815938426e-2

0.543526757273419608468694299202e0 0.927503328778220478190034075383e0
0.203521748138263597693045868486e-1 -0.162297109888033366723478729185e1
0.113352665361008958148812989844e2 0.126994881008118814465228111057e1
-0.105563662744951477862262559475e1 -0.839969311940019636325129585833e0
-0.167625909991107678705729392176e0 -0.133400196283661872631870074499e1
0.424469045338888184602323873546e1 0.503188159284954147858158335659e1
0.385161539438146596793850151432e1 0.475472874123348443408170776976e0
0.146625169318810286179357924136e1 0.761191982424296245394526589401e0
0.182283295788448984898596238692e1 0.114888672211408144548037871349e1
0.293899628344858135399010606555e1 0.696517617266459164351307453887e0
0.270823643474337321350751779407e1 0.389594586152768683464057908901e1
0.570063757850043054640416461578e1 -0.132934358970697106296663108591e1
-0.331148770229242312894928886775e-2 0.235569308489323436034707742809e-2

0.711662981679360521403015593032e1 0.161275748528515991367316182301e0
-0.145102711605474860723772380444e0 -0.564137755544450927175763399810e1
0.445739466857014050225277839663e1 -0.313349101632748215600881702064e1
0.667857878930761211358501039615e1 0.149758382312529361809178642822e0
0.203797792642552233403096515598e1 -0.150996168433369238847560335737e1
0.318127303125621848670199921475e0 0.291136549840070296585836377886e0
0.120657156729547434270105579449e1 0.494871015548151884383893389590e1
0.482820923679933929081205364458e1 -0.935804904648978203814397675145e0
0.627397924387884389592307374853e1 0.226734324266236884418311487074e1
0.202682953629360798755046796475e1 0.666929057481006235477824144632e1
-0.153885484390578266399348613378e0 0.127404490859647817487222393962e1
0.122740379311385322066289045355e1 -0.128877310166557881025042925269e1
0.307821270956309913151699538375e-2 -0.357805736794522364282598361598e-2

-0.143380008587623904806122983665e2 -0.283035264936514424920484258960e1
-0.236086560960682155693369715844e1 0.130995968845968619469624934400e2
0.207547282704533561727305532830e2 0.520024294275796934376026431780e1
-0.193248102955512866371631176213e0 0.950163108455906419899356580434e1
0.233025883089576019595393267209e1 0.747952211875930505191301795681e1
0.863787979725787810834512033508e1 -0.616063215592686988523384995034e1
0.848464419865966324988464018205e1 -0.486717579584245780522144594614e1
-0.716439863805323559572457658124e1 -0.777788347029510741251724757883e1
0.834551819226810000880896896044e0 -0.330786740469759459564860482900e1
0.129554549942655955181213109268e2 0.125598967545576395781998658018e1
0.710256069565345700285045966347e0 0.870314741601109120864404829329e1
0.271796248562344914172729802575e1 -0.105621499028791002326531672092e1
0.595941945644654486656014402235e-3 0.216298840435519590619229797986e-3

0.649233692318230461806105393457e1 -0.152730496408359477138720587679e1
0.131062387030005754111295418920e2 -0.447174644643014786661278849742e1
-0.324585588006003122749112529046e1 0.183128318556650222648325553588e2
-0.121265577262323763734046598124e2 -0.127799757865933006318766557600e2
-0.137732808014760933711443856836e2 -0.827087550800565202051795461549e1
0.228714782474538780098310173105e1 0.186169716757177011505694043650e2
-0.202927191192341777196939322171e1 0.399532617069087439972213517032e1
0.128106500989507888704642832749e2 -0.380803968397582145975186368750e1
0.145365200847916533896234400682e2 0.739297093479530466217102037447e1
0.238595636452887358727189638312e1 0.160936487821071953127131755933e2
0.822986280399499770536548916663e1 -0.101186589852504987694356266221e2
-0.512262246432054403472268858529e1 -0.114885254551837364376545374830e2
-0.354089858960100751091425840991e-3 0.219027514180088260601110096483e-3

0.749707655045242850811e1 -0.328494553557718871849e1
0.490804338167468744191e1 0.632862488014305000312e1
0.101213605337459950527e2 0.350271946186998982980e1
-0.178672381507853434530e1 0.961539903446929460887e0
0.343391157712182572520e1 -0.392484863975971414482e0
0.711170677428746536965e1 -0.155589105724264030461e1
0.295081409730870565414e1 0.651380592991102880815e1
-0.311393560417663625164e1 -0.763771926248246747250e0
0.467658718482009229183e-1 -0.513215079804700685336e0
0.474350325717515700422e1 -0.123813932594246387377e1
0.195559663442954930092e0 0.964707819398776020943e-1
0.457430660206613565449e1 0.371759181997744421661e0
-0.231440154519589483836e-2 -0.404684718103095741288e-3

-0.347684743147954024604e1 0.118908092397312965503e2
0.102197946882401494197e2 0.503020991364113304826e1
0.208904070762246487497e1 -0.758480752119899344528e1
0.833932557682786377868e1 -0.359977535711224083236e1
0.361686361175277977585e1 -0.261775554231533212905e1
-0.441425593450802422569e1 0.131562660302789782960e1
0.967543231539656626260e1 0.222857941624105315736e1
0.130667624371049463173e1 -0.100107099861431679509e2
0.766912968009934110925e1 0.118226791046904315414e1
0.304138769202471118060e1 0.105214186194144046311e2
-0.369403804432685426394e1 0.165123813094714203464e1
-0.317433008268533019833e0 -0.480742610802786706127e0
-0.273639218121638546081e-3 0.816002462888286508740e-3

0.364378135110677372284e1 0.140533795983979045718e1
-0.812743252590451883467e0 0.208159484235008844836e1
0.282499391863969841112e1 0.146059363383606604812e-1
0.299917752887291239505e1 0.615523248954357080868e0
0.590347292927429072307e1 0.273811216410070430434e1
0.872271301928457856289e1 -0.109026795556749038735e1
0.100573255327745738675e1 0.277335048871943703444e1
0.958872616612833769559e0 -0.242311632453791984086e1
0.300219777757277829196e1 0.229637237027827543242e1
0.387125826756220006481e1 0.565076087787676630035e1
0.400748733636045162279e1 -0.137975400359707659013e1
0.998120618287722235823e0 -0.256478351763715487128e1
0.380221374551233835789e-2 -0.355261220531427820356e-2

0.420611261290928203080e0 -0.316786242038475607334e0
0.545121355412041718055e0 -0.222948282486802296966e1
0.526850136219945259933e1 0.322800713350286914809e1
0.258817010944969028716e1 0.347239105238648823083e1
0.107889510718041788725e1 0.187687089401262458270e1
0.200264621428241655437e1 -0.274340536467941589760e1
0.406306939789369908058e1 0.191234980107773835760e1
0.239002794895219774791e0 0.106980248430580707772e1
0.558744580185712941224e1 0.318789869242977244850e1
0.275876925052081916983e1 0.270563443918919580792e1
0.147836939432095001371e1 -0.176029948543918754206e1
0.603781813283721185623e1 -0.138627184729447475490e1
-0.164992224633358461354e-1 -0.239762753022000317351e-1

0.100232639301686607125e2 0.301742880494614981756e1
0.226163764727750253342e1 0.555548379401600193883e1
0.309139714147847604838e1 0.111603059114244955680e1
-0.634770120339296838865e0 0.781758440703724991018e1
-0.321304070952272701053e1 -0.142175311356459483257e2
0.192457324351597969872e2 -0.832326452117218975810e1
0.646857762011403276785e1 0.238355417768535536192e1
0.502997826583370327268e1 0.356642514627792309428e1
0.764610369314356044974e1 -0.120475047378947893524e1
0.556568789965685836274e0 0.241638398896448877554e1
-0.472669262554893196849e1 0.104234583736359841021e2
-0.529354703474272393019e1 -0.723270006850966858678e1
-0.192022094651572052919e-2 -0.273340660423646300426e-2

0.192326442265244876710e0 0.189050950388771346242e1
-0.867937248006760921526e0 -0.138964171059259637632e1
0.110340251502542000730e2 0.138257816800411343055e1
0.415307714951709595566e0 0.420940625175964508198e0
0.480930061743173977058e1 -0.928329341991848139910e0
0.604615260704989860695e1 0.147883062980180809856e0
0.241677836924610183584e1 0.763476334697138676725e0
0.192797497648355938753e1 -0.128832612417017145618e1
0.205066007152764268940e1 0.335056369177450300186e1
0.374966330577995103851e1 0.460560639697323570812e1
0.151275477592004173918e1 0.583316456917259013807e0
0.310373778773935219484e1 -0.130571470478281366349e1
-0.102715428396336363147e-2 0.501407784403510588536e-4

0.521939070721247954125e0 0.976877124730745883456e0
-0.431102964512458516227e0 -0.174459544387200146394e1
0.531890632761311946434e1 0.267687098227095692112e1
0.252377962367328466582e1 0.308890428266235901643e1
0.579596229853836572999e1 -0.234537692199945683796e1
0.675115083464511410438e1 0.322385733239952155865e0
0.268424278341991600066e1 0.120905089501618252920e1
0.133950722882497384107e1 -0.735588195714205241309e0
0.531518733528507370326e1 0.273109567820618775796e1
0.259034559789483606520e1 0.314110648873464789977e1
0.424565605254602992735e0 0.133298054622082639783e1
0.304579856561022328646e1 -0.177590416637061471899e1
-0.779251572016010869385e-2 -0.467506906794616617147e-1

-0.358648381918002549633332145851e1 -0.170039593022071325361262156685e2
0.160042249213847636762661116941e2 -0.497704297690222041033468553039e1
0.159291361746417408654908454055e2 0.100124365836779311860183598519e2
0.655143818781089914697249577786e1 -0.389874481720235712703050000792e1
0.904538995190358186082183755989e1 0.229261894108149659598304865528e0
-0.135443036284599667512787249502e1 0.510743595341695220825423582193e1
-0.467416496288283468410524809603e1 0.854694357361272658987694206181e1
-0.669335960591750264332114975199e1 -0.103929809165167718560662122673e2
-0.184393509444657856254934232415e1 0.346826914399714072614620143812e1
0.626289846471951290142738492681e1 0.106883284594012064607132048684e2
0.952474321990424811914897093905e1 -0.225840114848706082150461397777e1
0.540887393225952992091723066597e0 0.335373681305313502303822727402e1
-0.150634173914840913533884021233e-2 -0.346463556329287960829002586871e-3

0.367344700678270502723e0 0.333588366350000771802e1
0.319176708416789600285e1 0.221850725941578330960e0
0.108543852406180347438e2 0.175927573008311359721e1
0.769301723335109763303e0 0.220844923551796678629e1
0.593781414194317320445e1 -0.197056101078942025946e1
0.540396095724365601188e1 -0.177938175049435299137e1
0.320473686430085975049e1 0.952179895251537743964e0
0.384487078566298683211e-2 -0.234328885025354666195e1
0.201801109231133965331e1 0.286659164088088755460e1
0.287807325899740752370e1 0.261444434050827004203e1
0.133060886032534789021e0 0.445340473426629669809e0
0.380417644535767294524e1 0.922778836986836549744e0
-0.452542606590057235246e-3 -0.173434208867700034905e-2

1.967792632208813e+00 -8.003654133867306e-01
1.893124140190125e+00 2.462482538824046e-01
1.102022365468202e+01 1.898651960888309e+00
-2.039000099703993e-01 3.635938094228949e-02
2.236119548919436e+00 -1.114297737728746e+00
5.057088006652281e+00 1.087870977691227e+00
1.938532477778441e+00 2.182673987385795e+00
1.239021944578438e-01 -2.310977822191330e+00
1.968223876518124e+00 2.957013577907511e+00
3.986677664514164e+00 4.916507572899590e+00
2.524279292475513e+00 8.692075403884547e-01
4.030357842765770e+00 -1.811351202105994e+00
1.016730322123694e-03 2.987619489005772e-04

0.639640494507134063727e1 -0.393413887060811636462e1
-0.349023419194296465311e1 -0.630835200496318507018e1
0.124999560889995601750e2 0.272586295566807890623e1
0.143478827811838846216e1 0.525585454788078500470e1
0.291458481473801939458e1 0.423251912045527937424e1
0.713718807027968213733e1 0.723830733072049383207e0
-0.182165962021581450596e1 0.107116135421201435970e0
-0.596069874994956632201e0 0.332619925845076611580e1
0.226058726160791895470e1 -0.286829017155938000494e-1
0.717217114910066977449e1 0.840568131681505815609e0
0.233276910926960654911e1 0.424143165211925796728e1
0.248959752786367244457e1 -0.242861921012652155261e1
-0.149976341400863031321e-2 0.143017181138743125548e-2

0.239677638502452476643e1 -0.105508282546115610546e1
0.166165077557329356065e1 -0.327341462561720836547e0
0.549289201358751769068e1 0.263747310011573473537e1
0.267802803717519218203e1 0.313122175476705585581e1
0.288058213217293530612e1 -0.665688928004902328943e0
0.397432669295529229043e1 0.774595440149507816706e0
0.154195934995938183792e1 0.230254725236811226899e1
0.413646277486389162681e0 -0.213216776006707889432e1
0.530527357855655959341e1 0.241204435054076924859e1
0.226414569261014661538e1 0.319402133576021128548e1
0.205818344327018203370e1 0.776129871174631649571e0
0.459220497117914309244e1 -0.149434009366804507744e1
-0.599008668548036695563e-2 -0.321122710931627207071e-1

-0.169260729775991561178e1 0.500136357312953280319e1
0.496101427097552383954e1 0.737304178716243094186e0
0.104894009510812100238e2 -0.559001765576202695653e0
0.130982735238259492914e1 -0.247973849169634540936e0
0.106981494584344703960e2 0.507976573699215321663e1
-0.103004819464772294350e1 0.663965803706330915442e1
0.201486233872116528233e0 0.863503671896406360697e0
-0.181553455394490333933e1 0.426934738227668273921e0
0.202413171213024210490e0 0.398049313086449117467e1
0.149360724080795798140e1 -0.315542274444655291231e1
0.365446553282832325852e1 -0.413406766084172160427e1
0.929926429718672545571e1 0.323494469213374800237e0
-0.135909910935569181257e-2 -0.968084690243838289090e-3

0.388399817879232586932e1 0.272974886686312177690e1
0.148293403219247265745e1 -0.276766805762017609302e1
0.164219421244834577300e1 0.293566380865630524480e1
0.600752779948923160689e0 -0.884030151840966729726e0
0.380174224420208793922e1 -0.488907647702838548233e1
0.898267992882521838435e1 -0.204823440129878884403e0
0.218060183648334623215e1 0.344030898043052988115e0
-0.664387890477330176849e0 -0.225113486387709685636e1
0.323790332227211718964e1 0.321381251080392306451e1
0.425742761293976911723e1 0.460308132351997739565e1
0.428819782155411458827e1 0.201085870310244531388e1
0.214786764366721983580e1 0.134612112346324263104e1
-0.275423360275192138444e-2 -0.452569026238030345580e-2

-0.106729289426496611959e2 0.654269664715104490868e1
-0.587182753753404393935e1 -0.123947613622198025002e2
0.734573707601394701840e1 0.512017430062008661656e1
0.531918004820056901805e1 0.280268571536429221590e1
0.100657250055792158424e2 -0.620727353998960157194e0
0.171518618662513645876e1 0.724392390855697236671e1
0.183932817756413280507e1 -0.792961239323666926661e1
0.109626888888584998194e2 -0.941900543897426951795e0
0.727387132610693629402e1 0.297830691551213622105e1
0.113403220524527435266e1 0.156707096886639831042e1
0.203205986358254108684e1 0.481678125896221561841e1
-0.853687037043586136997e0 0.223491387408577192836e1
0.222404479167135717462e-2 0.110164376349659452921e-2

0.428942337598108391442547761210e1 -0.632785362377787593493701943971e0
0.253112508825674886589045179401e1 0.188609599998953523071598364537e1
0.104949856864462091856860415586e2 0.219917483365074560078637321274e1
-0.101784990997326694980405090609e1 -0.691532489548382724594282546502e0
0.142502437783420338017596480966e0 -0.175212038327883343248594682774e1
0.364600612940945453853987193851e1 0.399009389664138241218235075971e1
0.253701440079848535610805313757e1 0.248814524481536989884663680440e1
0.169957750283086273319442296204e0 -0.135273616161324132754354214002e1
0.185438531337574907419182732754e1 0.360728402406145659442014897873e0
0.332811278804414287697428215906e1 0.625572348293101439803490476390e0
0.220476056348648032618735702410e1 0.325431019278174856690912749125e1
0.552455095739891726395303833130e1 -0.597645857281268399994154469989e0
0.442067228674387347665857481076e-2 -0.226309928765197018287475667442e-2

0.844953292517857068675e1 0.869033964199282227248e0
0.285840587326113527468e1 0.632013529012423653630e1
0.110508005240585452465e2 -0.136045532540143649183e1
-0.904403354292369428670e0 0.971694448571104935162e0
-0.484894523705233068071e1 0.744535928682633599230e1
-0.282934949429736767954e1 -0.855119360076802513017e1
0.550294660961287580197e1 0.487066192102339739827e1
-0.529339563735142602156e0 -0.202342078529903195342e0
0.115782350394289687762e1 0.391850366500191192175e1
0.217648718120766498279e1 0.580563300833577645727e1
0.884586574526799575096e-1 -0.665246443359429916924e1
0.107280451465989230828e2 -0.334808878420993789675e1
0.111252661388725995644e-2 -0.625938769055796840827e-3

0.279355140632106314236853743466e1 -0.552973153974708327164466785693e0
-0.680464039189282840705611905033e0 -0.196605474523034049976093661551e1
0.446466090680820895993105458615e1 0.194975096266392559270176268662e1
0.194865270550422619012272825171e1 0.903766826771938111598040139719e0
0.289012846148453166245508032333e1 -0.520500458421339252095060622612e0
0.588503643831032842238950323848e1 0.154360986488862213572922380108e1
0.150500476999130725094922429717e1 0.196048987918976002141011215263e1
0.748968410291985064417415933212e0 -0.115516197281784405391346058366e1
0.439518495046385247823092658498e1 0.297930131309805816955734744133e1
0.319094173829703198780737242085e1 0.461869285236959135134738574208e1
0.335073207142606040182998392025e1 0.573388057563360690261995725092e0
0.397496479328583196368227863923e1 -0.217537640534631382405055747339e1
0.409421340353629823205457725040e-2 -0.705859509319422688320071938951e-2

0.690970988021851783826393838082e1 0.789074168505996958799007001274e-1
0.211612651605001132448115210531e1 0.457130514738024835536230260855e1
0.523043387711938152066890717382e1 0.213329437921211336697675205606e1
0.241942315411487143303456692799e1 0.311476417379380304012383818056e1
-0.144324018664783252849230604316e0 0.530882371349978807451381272098e1
-0.157254871075665030585638767429e1 -0.417521606107212461955731059301e1
0.363077558299609470372021518373e1 0.329054136101799207879977826927e1
0.864594710781724097995416831334e0 -0.610640093977556451670930790019e0
0.507405729679648360725369341306e1 0.186101473929182804001005544747e1
0.192323493246589126090825576604e1 0.337408761761168474660306463465e1
-0.480288290166531703675073777232e0 -0.332990360562232075106564796397e1
0.745494760152558883429587782646e1 -0.315836600146853205928554351416e1
-0.189250186350874843280159320990e-1 -0.281897848734202431322424555754e-1

0.353043747748781078016e1 -0.518083459368388136426e0
0.246199380506802324091e1 0.282764565435440233239e0
0.373562597533061971225e1 0.106880151113183930703e1
0.301972355273671618707e1 0.360507758700688068533e0
0.546382182275912575611e1 -0.726781800694896961551e0
0.270266202562034340466e1 -0.181177126654029891197e0
0.331666720838890791926e1 0.183616501995528885369e1
0.207311835731494065833e1 -0.199778240551539073026e1
0.391084613955812507259e1 0.294500661906311642373e1
0.319805567199493824960e1 0.497667006465674788013e1
0.589217054509880202684e0 0.131664155483239793962e1
0.207083742434285285111e1 -0.168005165774252293327e1
0.106276533182018937223e-1 0.636130842267513927679e-2

0.136259379450407806744396840058e1 0.329825453371992250788646004981e0
0.116680703830913636946573959934e0 -0.197584810183287110328810743270e1
0.410673211358020492786753794505e1 0.135112177934520862088752079786e1
0.266059007175832074738793799431e1 0.670635767203206175124657407335e0
0.355301922169529229788611092421e1 -0.135058667949705957427648320562e0
0.615209240200965528339712400795e1 0.112273178663808731773761097245e1
0.233843354055951890555639404323e1 0.204241367334070035502978129794e1
0.263438241399153216799118163864e0 -0.125296194895305893749067126968e1
0.414151160699297574679388027854e1 0.288098499161411297521456475838e1
0.310999537564797366558678164561e1 0.483995012576778233235542711600e1
0.339652978034774129644777065005e1 0.217774354618800606023023029893e0
0.355469795095348996925581047376e1 -0.193005453904162472275429020589e1
0.161759767900548274261572280324e-1 -0.194022744375783537493417937732e-4

0.405546380630265197731e1 -0.676613089238483535670e1
0.768242014789793371474e1 0.900801464070929428646e0
0.225250718301816222895e1 0.274228128870242117334e1
0.141656108141672027313e1 0.503414868119025496473e1
0.813715787203259922900e1 -0.484391486380335863028e0
0.263728671141866630677e1 0.179260610153725501387e1
-0.205138379323535378690e1 0.184180191848768610096e1
0.465319512937145936309e0 -0.587549946796214081837e1
0.539223018760239097748e1 0.492471053403425518573e1
0.552187025254169054590e1 0.257346892699635438999e1
0.352297090488106645536e1 0.173806593084625318388e1
-0.618449732552903313207e0 0.564499292744431201965e0
-0.214113328579876729268e-3 0.438134982034622702610e-2

-0.984351923921111165170e0 -0.130590941509154391195e1
0.541671097641560160508e0 0.549868625574926126593e0
0.157138822251423039104e2 0.945405522296519305967e0
0.207156344953953285818e1 0.970649838474245053171e1
0.799446864980034227564e1 -0.314686253898080932020e1
0.344227449296683072830e1 -0.618825589850747427925e1
0.430913452680176839319e0 -0.289031470368906272988e1
0.401155376663308234700e1 -0.476819221049953496428e0
0.587097176982632423673e0 0.717428495669320485158e1
-0.306526644902144579678e1 0.648128560626381864827e0
0.124643439754744905930e1 0.366456665353798783616e1
0.757842988230618359044e1 -0.875815512804151913035e0
0.144220976634746227729e-2 0.198339217825430119282e-2

0.265564717537984722875235649125e0 -0.395589878797035005978520507101e1
-0.249404658722975030467905058303e1 0.372644801231258411147266887558e0
0.344966296880719537685914300948e0 0.314333084440151714538354250091e1
0.229912770658455575171915160790e1 -0.325829165563881047531114953224e1
0.849241877556814674465441312067e1 0.402521245089744539583648940140e1
0.963673155128520667677871222560e0 0.431155672975961269618791760661e1
0.477255752044415162368334278163e1 0.282254522435701897780895199888e1
0.151082384153044186896452765427e1 -0.508755589190738877254135662481e1
0.244854785392330706404424815213e1 0.380880213347573489056228279719e1
0.276817014059318016538989097541e1 0.542044481987483662726524387216e1
0.261058918675095742040539394756e1 -0.241614986190420524706796882167e1
0.718280919871897456817057152337e1 0.430494474614740683235154945037e0
-0.587194021652441214935893272120e-3 -0.158314215239538496058975594504e-2

0.625059517309111435700e1 0.133461121907699412656e1
0.207470750919487336252e1 0.406090859094157192143e1
0.999240786786238925285e1 0.159490112038047382329e1
-0.248424750728117596597e1 -0.148544196272502667538e1
0.341438782949223127230e1 -0.778363451140462394868e1
0.125009329875844965177e2 0.105162412732888801764e0
0.464600357213716766772e1 0.408067363698745677950e1
0.548776003268801444875e0 0.302182595789086692737e0
0.165395114929314948160e1 0.133980954402725334980e1
0.367818991257587599403e1 0.535469640689298751217e1
-0.233183853834461430579e1 0.327625135895593209284e1
0.944482423322992609193e0 -0.559056180320953756326e1
-0.144510949943573994604e-2 0.144393630500451698805e-2

0.237066927014005196169708839351e1 0.128979026348554493016438470153e1
0.446771768607845562161409475284e1 0.205090085028851699307277348330e1
0.242593323889302236062836611751e1 0.282112709775917894068528138810e1
0.419787511192297119614273924867e1 -0.623096056779928970337826847039e0
0.136683061378769325759505416977e2 -0.345778319038007256700069384661e1
0.152189665770849356102322095593e1 -0.843678327923617904524432931328e1
0.417751775228566866848669049256e1 0.460378142622193066761961225123e1
0.438615861195300829424594623454e1 -0.334418200845516610922826085833e0
0.290164136631853902606518788661e1 0.505684822362762363147825199119e1
0.367747184911772428539721897831e1 0.250887471041201404635291033365e1
-0.244855281133198930460356923358e1 -0.402348196699658280110629212111e1
-0.183445793646513278985272314926e1 0.327497598250438646584870496000e1
0.785336481590449263742027964201e-2 0.234678102476651511120376661844e-2

0.156822440411671166514205371197e1 -0.111539302854966120644646292125e1
-0.142420454813639900942425513271e1 -0.153556347551027537617228912845e1
0.104150170855477490595348065730e2 0.230323353336362142506777258500e1
0.183518928284868076583135586249e1 0.206797987505941637954545301117e1
0.596170677689839413043890833242e1 -0.104706199679104820940909363753e1
0.572269426336037913467327301106e1 -0.157416925706760751169878927009e1
0.216377346538705637625125577548e1 0.320382739478494389652153052696e1
0.242214198864667721161299109845e1 -0.131152899242313126984504008953e1
0.241925548375687541906787207473e1 0.271943596760858405490911094776e1
0.255929841432510075199619552186e1 0.309441438626451694618980032719e1
0.336444236098926618792648292466e0 -0.147364462847906819668381537459e-2
0.349984904254341043035315231663e1 0.351421749224429050011115404190e0
-0.497737951590109602237184150161e-3 0.158094244588118610831782963633e-2

0.484390398933663759550e0 0.911395995227919777557e0
-0.546262740947698501276e0 -0.133222372094875386121e1
0.357837892869555033201e1 0.180746802761150134205e1
0.288320993583311913576e1 0.130659222001554595454e1
0.628080340600616569054e1 0.136831150886753387906e1
0.715030831678568961404e1 -0.873063599533445664023e0
0.245333534821985455444e1 0.652660081623962600545e0
0.177989488604775377290e1 -0.666876793608644460670e0
0.337611532959925558393e1 0.314440052007911905363e1
0.345509740797220867362e1 0.459475527022384389042e1
0.331300891460567887171e1 -0.677136748736122098726e-1
0.138319908838497630376e1 -0.187304786524483633553e1
-0.257095651061363162401e-1 0.212116089803893771156e-1

0.265514173592762888474e1 0.202136113650345445496e1
-0.466903372140287199331e0 -0.535269318198632059391e0
0.320308798991496906775e1 0.169124021783682901418e1
0.179853298621508367783e1 -0.396052744008733828465e0
0.328798440753106432574e1 -0.757628975606611874526e0
0.613461387183825087276e1 0.209021244833860602884e0
0.304218199800370464733e1 0.150904942804558187669e1
0.673266930775292976401e0 -0.191460646676187356402e1
0.398534088776932377560e1 0.268209003551926722332e1
0.350581307026224707566e1 0.512552767272657298046e1
0.278013592901938142322e1 0.167209214916444459491e0
0.356189584012187808655e1 -0.125408741853497425760e1
-0.559516476223644767532e-2 0.474975521368037134908e-1

0.212981307293679848454569537744e1 -0.781537947071506382357484031844e0
-0.123074868484398086761025595076e1 -0.397805875922119034842490664563e0
0.219627169695731779609424987390e1 0.162246577156578582344965465171e1
0.201373196826118738419193006901e1 -0.936577108186460747826762131514e0
0.574934756673404662009520674014e1 -0.270881592026884665775955025940e1
0.779737601781580585501870970409e1 0.103094461488193581280135461386e1
0.318794478774665191092624740493e1 0.228125430879129456072340794796e1
0.199780802974468577817200363575e1 -0.292940391575828353034064353585e1
0.343791740759858772418496100453e1 0.272783167383646230341659271620e1
0.371815320760481616759851128465e1 0.512142440254425607867987557286e1
0.266556428430578097580719971411e1 0.202862962613589158945953993714e1
0.140606137307660229240406788631e1 -0.467888059437837009656481690414e0
0.329406520221259461660520427595e-2 0.179428338217789102942215702079e-2

0.121943997839351771229e1 -0.157030594158095048807e1
0.392926280558188343586e1 0.420352152708326787050e0
0.112115018271591580980e2 0.213397562430475265863e1
-0.379852914049887733703e0 0.610488784730397317918e0
0.239282949415612707566e1 0.226443022956217336394e0
0.315352592476931255987e1 0.113022826192485931641e1
0.402208859946734170092e1 0.214974797590524833264e1
0.204391110158204617072e1 0.891222735248375113400e0
0.120748882575065617307e1 0.147526212755639535908e1
0.309704208016852629640e1 0.220960939506737499057e0
0.142388296383266718898e1 0.193603839338278991525e1
0.302408247585981183186e1 -0.757222118845992291114e0
-0.905905498923483130211e-3 0.216581674150402909729e-1

-0.144970229714148864716e1 0.196497676494437455413e1
-0.788300839967148982796e0 -0.261802062045414680905e1
0.119039031304101375038e2 0.145101267969481097285e1
0.319891107842206421700e-2 0.595351446171548988036e0
0.253666118674127219674e1 -0.214127030582049180372e1
0.702240461035255714812e1 -0.861110625633721698353e0
0.337011876123346099565e1 -0.500425458878906065146e0
0.310230721130133951335e1 -0.147620747370505107059e0
0.161414952972670189106e1 0.306664500659401590191e1
0.378773917714221642424e1 0.400613758920631220142e1
0.268747503125654763935e1 0.272560315294117142849e1
0.153367434407653837919e1 -0.700861397437851805549e0
-0.542972341882232624912e-3 -0.100493028375136213690e-2

-0.102447545288487225454e1 0.976784999338771803496e0
-0.178869115752523547350e0 -0.237778759370373063853e1
0.115675346308458773664e2 0.101858856775638747572e1
0.971425218820691265475e0 0.212110169217802912021e0
0.419487469494324802287e1 0.155928439134145438460e1
0.279175815784464868298e1 0.562056654287806600756e0
0.368425223211026195945e1 0.531512712077056690525e0
0.204711394580403661871e1 0.217306923146590570093e0
0.190422217687348948386e1 0.358674654032693576277e1
0.351032902803080197975e1 0.435413010576832196219e1
0.111267343940277459364e1 -0.930692293132222662073e-1
0.434016021454693006788e1 -0.212498104547151190637e1
-0.101745880477368166495e-2 0.129937248804953100016e-2

-0.248283026447431902200160614558e1 -0.196125294706203854588586948490e1
-0.334313445570535820649824416580e1 0.255060825434151950026213169988e1
0.115077155830904223304358201433e2 0.343292160742014809525494307332e1
-0.158283896859598166897416682621e0 -0.832333662888911486275140057854e0
0.494498382333504648914226889852e1 -0.739487219265596074377948372963e1
0.124932895668358574859258076886e2 0.511430180375319411401163949449e0
0.586258813595015919513042596075e0 0.474534034430037001167833716830e1
0.469225193244107969651857155269e1 -0.291628462825297940097115918438e0
-0.300727097670567676465882220569e-1 0.127167116087939883131057502950e1
0.196189152046159486839549371160e1 -0.250889675220925895229986705120e1
0.657166437286584651614072269868e1 0.327365712387459293149622060288e1
0.239261428057935928274765549790e0 0.311735589735237498953231021423e1
-0.108962572023246964224917099137e-2 -0.128911772324613033386512445386e-3

0.903151639982551504300e0 0.406942810219776175251e1
0.324879663346514772383e1 -0.165467099489072133595e0
0.113731074548305579929e2 0.187146028998470036501e1
-0.451395111640329457103e0 0.553292860842181237946e0
0.335293248020476837047e1 -0.567879941322620866370e1
0.953487701185291729004e1 -0.255352302497498216260e0
0.601184987773448634889e0 0.140080465120991611559e1
0.888614256666895182396e0 0.362344052771594869126e0
0.459016359033647661952e0 0.203505599108256090028e1
0.211747159036748856895e1 -0.101808080794841580700e1
0.514580333373852710777e1 0.241853436939849328704e1
0.203153718981131871575e1 0.213769594470148155559e1
0.386121682238008202185e-2 0.294258408503213552519e-3

0.440895223243672388638e1 0.138558304812531168709e1
0.112122052605487727492e1 -0.340786199694332719574e1
0.264356728821809004509e1 0.289899635806597861208e1
0.144639116438085607857e1 -0.790788284803478081874e0
0.678884255245311131173e1 -0.608619765420310255633e-1
0.414974723460580326032e1 0.323496442560065931241e1
0.195972345243374328921e1 0.445372019036298424916e0
-0.750230596275988936524e0 -0.111917534827302080536e1
0.363334423563974712743e1 0.367891247427958212302e1
0.360186230176470743923e1 0.489231742731678087349e1
0.160617560464432889355e1 -0.470794176454357922521e0
0.530539111393265004580e1 -0.168220549229590119876e1
-0.441985054108078891021e-2 0.351142768542156438678e-2

-0.332275597139752110333797123839e1 0.517242100581451225782118244249e1
-0.349261710631679567379921147264e1 -0.457481724642877734704231897380e1
0.116681448024870655466012178424e2 0.234822094245681521227824589038e0
0.984451942926550242965894905480e0 -0.262062023495429141863409596894e0
0.631115696312649781644803700714e1 -0.140150797874261253384918220925e0
0.338890231559561204385880061625e1 0.344040796006834346155980491955e1
0.120214487355610504935286538554e1 -0.266330508653642919744115815250e1
0.557040878966328248542714900473e1 -0.235974641494902478499607221517e1
0.240790518460628311805556268385e1 0.394765842426284740960507290144e1
0.353088937167538840437164182676e1 0.325065094973651412803786373708e1
0.313631338949536613256279679239e1 0.178948427217028594053535972711e1
0.229829230965834765881371411498e1 0.144046841513243456156771339655e1
-0.302485752058138114854092060822e-2 0.121337481455139225701901382443e-2

0.480909272816054805051e0 0.238635036645851975100e1
-0.161205921333721434853e1 -0.168035559595472107472e1
0.525973684063326494664e1 0.254724082209063740862e1
0.246232124232205893668e1 0.315389069395010448213e1
0.331695560467964662777e1 -0.860765612029457237268e0
0.656355493239154757536e1 -0.912140221788515308775e0
0.186622618272894912300e1 0.283355320918271626532e0
0.238167762339670149971e1 -0.134982811254994414317e1
0.524945200944475260990e1 0.258320364064315491793e1
0.251468023308217817485e1 0.320462337689633518017e1
0.274120974219909472377e1 0.870760162594295721082e0
0.287374383164534690166e1 -0.611125751127984424968e0
-0.713998006326607357521e-1 -0.242483426116015544148e0

-0.313232062484328847439e1 0.141915727661169686479e1
-0.903571361972221556551e0 -0.509258091608870615535e1
0.771049954801507283217e1 -0.168739394783157582692e1
0.637575616552847724769e1 0.280989968636070599236e1
0.655668891301143523433e1 -0.145706362411756166261e1
0.517397048739682925353e1 -0.192072899313451952812e1
0.482229221278183115603e1 0.261217519053105094295e1
-0.482108090165267619558e0 0.516229015390539659541e0
0.380072020975168459959e1 0.358856301883802534278e1
0.135862949401360704523e1 0.486956998068575824378e1
0.798387795869178032898e-1 0.757761954707279616168e0
0.509783676784439115969e1 -0.149501553893045363108e1
-0.152782801602319418091e-2 -0.126198080149419474422e-2

0.354054874675125522707e0 0.315082545181415430829e0
0.217315211895318141123e1 0.122549434541140474567e1
0.111650384722117108141e2 0.202477201293242259480e1
0.322695893805965835989e-1 0.131715412967270789927e1
0.459908910474373695517e1 -0.122173039372645407421e1
0.631705137244567164513e1 -0.412091025378404751233e0
0.291022798071185314099e1 0.273513656892920450588e1
0.189095406322986532295e1 0.423596196079798747829e0
0.127778187635914279921e1 0.233147196191697682181e1
0.214877279855516270806e1 0.626914871427369463884e0
0.174633322535646334274e1 0.312211377827494255215e0
0.311445476000416661454e1 -0.678598539565894819342e0
-0.794900032239318362669e-2 -0.253284416419775640542e-2

-4.246518938233672e-01 1.494652342864285e+00
1.512518086780731e+00 1.548510395280284e+00
4.763671618800854e+00 2.698254551832558e+00
8.024008973292109e-01 2.724676629564250e-01
2.657009383992486e+00 -1.292249108576480e+00
4.899483518080539e+00 1.921766028521096e+00
3.081847738763768e+00 1.405431798499246e-02
-7.555047387164423e-01 -2.879353194168059e+00
4.385844506182322e+00 3.439942307183604e+00
3.730625845219149e+00 4.953838770081564e+00
3.534513805626150e+00 9.345268269867560e-01
4.905766392280362e+00 -2.598232290778952e+00
2.189370075059073e-03 4.031761932525757e-03

-0.331797844178359129624245941812e1 0.202373836649477215061764710971e2
-0.216136712423365098120320705841e2 -0.464474609899436699149356592551e1
0.558053176275989649906727733205e1 -0.603523795579467982588675935177e1
-0.409729784315081420271636237987e0 -0.207224327600738761915687595542e1
0.100574688979112381510781130925e2 0.513269318045817291172536843574e1
0.176987613227190819581152295759e2 -0.695175622179212383057605422586e1
0.185231210192772632355581002303e2 -0.227728189762512022125621563208e1
0.388107075291090162322401712467e1 0.129466164050782364548085440568e2
-0.238055676160764623282733224316e1 -0.452943166232818854513374290014e1
0.527962360721088057326341151821e1 -0.807629716897548568132441984343e1
-0.809813215705158553298262238362e1 0.206513639905818954902574844675e1
0.513077214206294517979933760373e1 0.427898387322718169427190897274e1
0.392859111409984920936352705707e-3 0.307354400514646299022827875363e-3

0.951577632623797734467e1 0.106006941094133378062e1
0.691031168887710718629e0 0.763800601045159180923e1
0.163503416370570537849e1 -0.271441454071257861009e1
0.633873210126233630965e1 -0.180724897505742964862e1
0.472818012552541791461e1 -0.350937897855743684153e1
0.266905920005286315610e1 -0.202439187592343623756e1
-0.291153292969191706662e0 0.570347844253872768554e1
-0.298844597135698781349e1 -0.390085856246448561954e1
0.367998648048813094312e1 0.223669322395305393059e1
0.359594238649482847762e1 0.613809536903406541188e1
0.267839424833156040896e1 0.928563949246374867471e0
0.589315776808276478799e1 -0.279632856183109419377e1
-0.108943149923328785012e-2 0.165204635193148666977e-2

0.831090319367956014730e-1 -0.191191718837365514391e1
-0.900954346746914698052e0 -0.182063903592690395862e0
0.108848149752153215281e2 0.158576912649670945178e1
0.130678342590727868675e1 0.568444424725118810935e0
0.598357226489685614266e1 0.240038349982466325165e1
0.227110438632620478859e1 0.248069846296399276579e1
0.122283149092909751204e1 0.323193618960584773923e1
0.260547146879922851504e1 0.441520786238687650634e0
0.141614972219258960812e1 0.256496354990140578529e1
0.257049838348422618256e1 -0.593903920163215153730e0
0.283240974685110550690e1 -0.949252760589318836197e0
0.522573377800178487081e1 0.115117031648737957214e0
0.329553784378624897321e-2 0.298729365197082695702e-2

0.129564587027790931949711805496e1 0.194364207217255684660627014632e1
-0.456241047142447935980449321841e0 -0.838198391297643536351681597911e0
0.108567578510104672232765514576e2 0.167247976040500653196206232001e1
0.483406377735122087945456091922e0 0.241321033575677067500627618261e0
0.351694068157521506513719488148e1 -0.177713337325722446369768189502e1
0.370409441887765295800444388324e1 0.249588396665401569408621968841e1
0.177705735961525309393240554913e1 0.960115387431514445467020522116e0
0.140225504431915160514417432173e1 -0.169181897746589233004610276044e1
0.270753327952823788533004336803e1 0.168500559370032142680147208577e1
0.406306333509135200856118668920e1 0.128825258275363124518681668778e1
0.169910691482118034890842483567e1 0.233321876369019806321662866901e1
0.435064842643931465824013249715e1 0.904118278638900404070525236939e0
-0.114837660505965155414377765846e-1 -0.276136613950766833415975002934e-2

