50                                               

0.131241260610099777788e1 -0.555752193610862743817e0
0.760706402308731880347e0 -0.381293365463533327645e0
0.773010758307806640673e1 0.220143286640844792210e1
0.141301432772110308360e1 0.178913551321970581921e1
0.375312500713321380063e1 -0.100754316162991320943e1
0.559815220435730252638e1 0.698372712082204664388e0
0.745202274165013335582e0 0.269489511859472274978e1
-0.156444780319324774876e0 -0.184205974103876533160e1
0.757756705910247537264e1 0.230254103695927379381e1
0.141820120685072743926e1 0.207851149276719141413e1
0.344506931337041092007e1 -0.146083675655806085290e0
0.534887229157174985249e1 -0.122763849943750496239e1
0.374674479898709438151e-1 -0.182422757158701061653e-1

0.440683103513837555552e1 0.556985645310797156810e0
0.467936753736923874148e0 -0.339324093871648568735e1
0.301652069622425454557e1 0.242688075400875841420e1
0.219835613156826613942e1 -0.135837825600449627029e1
0.783028766664609000717e1 0.983029574495649892992e0
0.348832311013898630782e1 0.409527410456639840396e1
0.455156040817429581558e0 -0.981611033431487989883e0
-0.274042554569553396663e1 0.361723667076987892029e0
0.432287211624324014658e1 0.398544258592450906264e1
0.302635311378723677474e1 0.491702275803110764197e1
0.256542092652363407806e1 -0.414424430536039091000e1
0.923576364010877981330e1 -0.129732526282984513824e1
-0.885739367708267999908e-3 0.431109607395677095217e-2

0.453869395629911720653e1 0.345568143506136073130e1
0.333486158513320963908e1 -0.341076162192819151318e1
0.737209890369503215071e1 -0.364277607752295608788e1
0.579787280969907534546e1 0.105383233266773707287e1
0.341360682703027687999e1 -0.149183561077460531978e1
0.247457886577585591637e0 -0.134666610850369508580e1
-0.341695407992121505066e1 0.321422183747401714630e1
0.380362424357372252721e1 0.323554022130976765242e1
0.104540331286784579055e2 0.472818387587187579507e1
-0.680698929784671550496e0 0.855655571634197093401e1
0.179001514598789920180e0 0.107966874247926827683e1
0.592728579673181987905e0 -0.232562422167626943990e1
0.291679481237366062647e-3 -0.433982859383495219698e-2

-0.110576445247360791245e1 0.214909737204686751544e1
0.210657241206149222781e1 0.637561373301269239508e0
0.110285185854516282183e2 0.789850686534012094817e0
0.746052442264436185251e0 0.221134371750425936978e0
0.747472983797622008090e1 0.156984648672556539243e1
0.301351902784740977937e1 0.343244753790405403467e1
0.138597038125024232596e1 -0.300428879488076443081e0
-0.291093144184984326949e1 -0.656321692528392430387e0
-0.653993059325494875472e0 0.334212533281797842988e1
0.238692345836119213724e1 -0.379802249110943685069e1
0.275255153035761985321e1 -0.515752663488150299084e1
0.105649489955766423856e2 -0.469713725682519298910e0
-0.164481868021076675141e-2 -0.428890745341429891033e-3

0.821216980335432280083e1 0.306074648390767120381e1
0.173527932120467905184e1 0.549989285671973947246e1
0.115182651351375472809e2 -0.126355672001694585918e1
-0.175164472583205572845e1 0.117772693251416498924e1
-0.522162604668882506138e1 0.319692362305910710062e1
0.165535987394946943157e1 -0.894796680558977533104e1
0.607055865146555196157e1 0.623783915504717775564e1
-0.133730590968302950417e1 -0.145358742410148054566e1
-0.127079715502093824702e1 0.472282596311667887245e1
0.706495052978253546211e0 0.832147228768995578935e1
0.388438249830990525377e1 -0.139500692146735550308e2
0.182806208119250089995e2 0.187397658520923196881e-1
0.773551185005835917969e-3 -0.698374099324072791573e-3

0.197360128120240882848502907215e1 -0.399820888234989735686572817245e0
0.156061831270172256913092136074e1 0.114142763680835478921335477666e1
0.109104657233109250315714996343e2 0.247956445949203661206774910360e1
-0.389230154209425314946476823994e0 0.147577470459508709168666047423e1
0.465808962913877683366136677001e1 -0.163958118907197485578082780291e1
0.669312586731798494236445107161e1 -0.263730860323582753419370484099e0
0.148382591052566450152016732678e1 0.358515059993711764078042969676e1
-0.106830078028645712662653265828e1 -0.203058078333709791076997942034e1
0.938559353671541137202982998256e0 0.166115366753472377901040113329e1
0.287524101400272067702837833886e1 -0.438498385069368070409963424112e0
0.801732795228995112584637817968e0 -0.385965554049710568714581002516e-1
0.463693451982522849581014222461e1 0.103283050246271955171478226423e1
-0.213309544013525975326435563360e-2 -0.479462777191419568444065607279e-3

0.416297247344634813128e0 0.367298198035677437949e0
-0.379865802126323094039e0 -0.778668303302641373674e0
0.552700962720346178261e1 0.105418065273563342998e1
0.358404751260610284999e1 0.111242139942291717739e1
0.722674115544306176111e1 0.176125805699637190275e0
0.579329380623611138370e1 -0.608572389361777623317e0
0.275011824684989050933e1 0.830314451274863548670e0
0.130748464962223747234e1 0.991259185484607752061e-1
0.448608989231590204842e1 0.322640724570421670841e1
0.236004085371846127192e1 0.449320968273129884565e1
0.385770540685012239919e1 -0.932410078626786763788e0
0.737018566570697203659e0 -0.129766087344505634603e1
0.131640415999039116750e-2 0.482360441235773295708e-1

0.920166546653674803538105330539e1 0.275161173896674849723473823359e1
-0.106022516311328973063297303400e1 0.796645139580193351644439167900e1
0.183471925891510101829476498794e1 -0.308852798353933187157220547221e1
0.553014108323362254180567833862e1 -0.849532682275781800142352485214e0
0.675609898310051920469285906726e1 -0.409492261203086541030050807947e1
0.318484128812701630807429533246e1 -0.329941625573093692339086937872e1
-0.513204528515545289843774632242e1 0.920269736066243307957968959200e1
-0.745021687194396449204585073506e1 -0.831302455713272230103389032850e1
0.361992512884914116289011331038e1 0.601602203537384865245618428359e0
0.407626758000993957256937238520e1 0.670929905396653038625115738910e1
0.428564948091204887048401376396e1 0.417301037768638986752304755243e1
0.101953863170887965048318772038e2 -0.246777892086519471245737272784e1
-0.920688665311234361726400104425e-3 0.117964733268881449189054606150e-2

0.401491071610289178501e1 0.173609438047462070608e1
-0.557221157582729993197e0 0.223041596312239299500e0
0.408736251076480076178e1 0.143994356403173798806e1
0.894005081189386906822e0 -0.667673145118044205704e0
0.410921531140040061439e1 -0.137592383584683602450e1
0.647876745662013286443e1 0.491456053138463912775e0
0.398694919587969220150e1 0.131574287420406544279e1
0.656829660556279468849e0 -0.198637147505819587471e1
0.508759051437786667931e1 0.173877516591003808595e1
0.365337804398391675963e1 0.534593601367945356773e1
0.374478092085987342868e1 -0.294723435701244334053e0
0.402179981105158217049e1 -0.643848646420043905245e0
-0.220192499202918190663e-1 0.864120709698935035622e-1

-0.244340369751985548176e0 0.148826787080668594958e1
0.151181897329373610410e1 0.879636183720224704900e0
0.744778772406365430995e1 0.246406281309968807746e1
0.409562300995787702577e0 0.227389576922321852960e0
0.345082991938049988981e1 -0.167164324213263887917e1
0.595327325239566787149e1 0.189066161456282665607e1
0.287659432157436316738e1 -0.197714510204586869316e1
-0.271883360979490359814e1 -0.299109683272749382458e1
0.694148651952387619373e1 0.344226373216824472882e1
0.362424655158809607336e1 0.466872485687690519417e1
0.580422006625585706202e1 0.429643974684900697243e0
0.552020891017346250311e1 -0.427346529951908315516e1
0.392847803258584067192e-3 0.264998619345145599259e-2

0.113924911801861089185956979130e1 -0.647304770477049265042694303273e1
0.622134518906001262863626505318e1 -0.104444449393650109847566154236e1
0.155167184579431426309666003769e2 0.265890143028591634338929584548e1
-0.129920624951043187470442384888e1 0.819840953740223705488726835599e1
0.524558771125841399623802904632e1 0.652375570522194191345945590910e0
0.705307329053342889996201156493e1 -0.213132811864860067815202848552e1
-0.232975125383103214324276846274e1 0.134180395227755825718677025308e1
-0.119738639354181362255336935216e0 -0.719576945534172935990613771704e1
-0.166013663055204298639708071978e1 0.104515904749390758695699268607e2
-0.679442843104483167600353425553e1 -0.312992499025812322266318373494e1
-0.632911632613226404675709402910e0 -0.102207160084346318511634240545e0
0.595878505624959566124993620672e1 0.408494798092900908170208046172e1
-0.870947546565379792244901614013e-3 0.819847927137983854927977862294e-3

0.229213387233841538084e0 0.119345073375880372801e1
-0.804991345978774248786e0 -0.107154914657581724858e1
0.763314119434131796351e1 0.229055262898859463071e1
0.140097903797470146067e1 0.192322362967462941229e1
0.443699444099568336220e1 -0.129966052591036920392e1
0.689196064873017190042e1 -0.891462352302355002555e-2
0.188790928787329730814e1 -0.529999061047831587366e0
0.288531583462883444531e1 -0.442753191786732833114e0
0.773426763322428945623e1 0.234146839914450053603e1
0.157345583280624096189e1 0.179945633212212384683e1
0.303899483827489608244e1 0.256713555596678572827e0
0.266292131925794619109e1 -0.736708875718105183185e-1
0.395280599874457606116e-1 -0.369333139077192729097e-1

0.456416532601758674105e1 0.293538848339545565191e1
-0.290247117502958156638e1 0.434468940315795708372e1
0.244944232601935840644e1 -0.219743561785489295059e1
0.332846731985466862927e1 0.252981994783689996347e1
0.882827416570646661062e1 0.409186068493778273315e1
0.111231118274874594496e2 -0.352527705215636472926e1
-0.449474205450958535189e1 0.476443298433329572288e1
0.228192610352730940963e-1 -0.626400036155739733251e1
0.250739695761721300619e1 0.158261017273175228404e1
0.514955954927629707459e1 0.826155878893169658139e1
0.827195782495423118010e1 -0.904070754792606979047e1
-0.536077316047415389309e1 -0.522617656528358542250e1
0.110127760909461894550e-2 -0.109862361433593652932e-2

0.957959928595711674760e-1 0.128708431027422981789e1
-0.558004182991286349334e0 -0.711783994489930920530e0
0.109789439750327333257e2 0.153293816726001421152e1
0.198227702198537610449e0 0.279898656485643477707e0
0.499162954931268717509e1 -0.125146857527211168937e1
0.666892807465875457227e1 0.484337534920935392944e0
0.178036160303941558378e1 -0.238827937274587863534e0
0.259578803700698951869e1 -0.117759346072173675063e1
0.206588793410138162163e1 0.376983181654135083259e1
0.372387564190559216246e1 0.450972375515974664229e1
0.203428533189021779255e1 -0.354400903338601179244e0
0.292386345212860781985e1 -0.626544248887976201051e0
-0.107137216515919669288e-2 0.846728499226821668369e-4

-0.286483811807425303643e0 0.639911782370732597778e0
-0.148242295905783918981e0 -0.944721054412219421329e0
0.112045810910118727706e2 0.185767121736158895610e1
0.362184939887870085165e-2 0.237730385686496440974e0
0.447968267622849226212e1 -0.211397356564351011844e1
0.709850296980586167699e1 0.681922584832628391610e0
0.338359998114743108365e1 0.115031428139922782799e0
0.208910806567823879886e1 0.394964161483185178571e0
0.191219870463532689198e1 0.304416403984352622130e1
0.400600398468546334708e1 0.409990149391973707476e1
0.178819739443795050916e1 0.215030755065669041369e1
0.198789940769817622876e1 -0.164974310439535199304e1
-0.468483460847254654595e-3 -0.442944854411797759946e-3

0.251942069856737665501e0 0.221017083633267817275e1
0.174060585825476149048e1 0.131265463660086378276e0
0.113038064763738010567e2 0.196770211218891023308e1
-0.324567853891531611632e0 0.670324959632772080290e0
0.418685472966410304058e1 -0.380532632947083853032e1
0.809867199296570793032e1 0.303403474933220688699e0
0.926732920181450693068e0 0.292613212374143326811e-1
-0.366388934258673573896e0 -0.206988300335066327805e0
-0.632675854036794568227e-1 0.226919691631376187072e1
0.217258243763848386517e1 -0.156209159910085143943e1
0.559984876861187359136e1 0.303095784815747402194e1
0.166732850142810165128e1 0.258009088262897530171e1
0.267258079618043602538e-2 -0.930357509421724860194e-3

0.356052562812494556778734053481e0 0.138023006665945396501951797940e1
0.130942904156230412307648440011e1 0.860024075999176574542743129068e-1
0.109005920290009059605862873824e2 0.189409728457617799097781542805e1
0.367351507217461590335541013389e0 0.109640357354818447112202874612e1
0.515205889189211771089712677235e1 -0.187901026060506889636984551154e1
0.633236127261550886663240021467e1 -0.168407098609668054666609342867e0
0.262909611524727086860739557057e1 0.536400472104401792066729940854e0
-0.428298929661411718361769520019e0 -0.210083760606012459409687322101e1
0.208138484423253224948197063481e1 0.276706345308600392660440105111e1
0.233759124392976795850289630028e1 0.187326249442315183638672662208e1
0.553852769850264071038767020695e0 0.184965311674580773999390795271e0
0.427425240722014951577890708913e1 0.120237712306779142467269790993e1
-0.117477427688689900061706279565e-2 -0.145356520166333861764983439694e-2

0.285088301779421264852e0 0.377424821684729229417e0
-0.137020793050479989297e0 -0.105443607340755249714e1
0.775124583773200938677e1 0.240705791428206879634e1
0.149550805272433666817e1 0.177810948816572492333e1
0.554501058245347882517e1 -0.226924111618847788147e1
0.688886699897242420643e1 0.704627227809809765979e0
0.268918612103615813557e1 0.111244443330926498286e1
0.119505163503892290668e1 0.146676150489615050908e0
0.768808155168293244283e1 0.241578923649968405583e1
0.144983560101332796001e1 0.186229003215767901743e1
-0.236881722559276411280e-1 0.154433141459007470186e1
0.310987509838444353715e1 -0.177990733926966201430e1
-0.277419210923816952196e-1 -0.329997751537889497528e-2

-0.108569338977356910298070165138e2 -0.101902509614985590027586657738e1
0.932253458803886102416281289783e0 -0.113062659483220767410674198745e2
0.113655263598794755937045538081e2 0.733330809946641266569190515818e1
0.596859936303576494036559253365e1 0.326949366316914416682410957552e0
0.790090796970565687484809229888e1 0.105771912956960914353309248422e1
-0.119023479836923019490440381022e1 0.798165325763236515780118984623e1
0.101369968617824775298205497371e2 -0.143892519213687380502303355108e2
0.177937995236802487498764986808e2 0.873149733227072843007260632089e1
0.104087692603324301906209956625e2 -0.101934251017329805825108294034e1
-0.509227500005145711528206752702e1 -0.288746475670610460534006786151e1
-0.882866899443902310183678667540e0 0.813899059234693747237298253352e1
-0.238063696587554916077387717739e1 0.235176140830641107511833586753e1
0.671547826185548266984405722838e-3 0.364597274246818272690765456381e-3

-0.671239220009364555720e0 -0.646691011663451665410e0
-0.120186765360647809635e1 0.552202483191947078285e0
0.112100947643088559129e2 0.255519257047789014785e1
0.139338323314841451561e0 0.148638394901439817964e0
0.534394976178312360472e1 -0.385960272618705658109e1
0.884762942069959455824e1 0.115782260131289028158e1
0.890789390367118506754e0 0.418809943717886114722e1
0.443206588733048322546e1 -0.254899579125539047300e0
-0.467157746630105449447e0 0.982516875877679546965e0
0.274923325481731401420e1 -0.261735500802068451879e1
0.578731880531428001437e1 0.434136578821417188408e1
-0.594479304882121482802e0 0.232666032421492464661e1
-0.110805468214918009558e-2 -0.555512841350340608568e-4

0.256387809048756632325e1 -0.924044335700590972759e0
0.179553563006533727824e1 0.107524330476848866680e1
0.105463469069765574150e2 0.245944770641278766254e1
-0.994777279061083828052e0 0.410578429612476253265e0
0.249254899814223824747e1 -0.858013977962867451356e0
0.598698517621835494271e1 0.200698731433362756059e1
0.435596548345064121235e0 0.289195184876470078169e1
-0.665773041677100773934e0 -0.262717762816956938721e1
0.175454657279716082566e1 0.590320956694339232524e0
0.395117898263056954874e1 0.130248622496546612669e1
0.452486368676632348153e1 0.129842628759216735653e1
0.509665571004583611934e1 -0.216236488448216320510e1
0.267867512603846188967e-2 -0.190507445681495594784e-3

-0.215309287600781904825715962269e1 -0.119544822278847143447565076606e2
0.112165102985038387515102288881e2 -0.269771574057733992905081780538e1
0.154603843703124741609509493334e2 0.676556689872969719105684134619e1
0.341917701924640324522473208330e1 -0.406130397371240955179779340083e1
0.806057504030916957068928655929e1 -0.629720347599985728173934174186e-1
-0.210218491452084217611067497241e1 0.588725129222746425682597001045e1
-0.892500346777640570365761192283e1 0.116271709222147612181768810864e2
-0.109112604864804500781554208003e2 -0.143733037081665148241817188122e2
-0.358453572092031673665111446792e1 0.676306540210845716533622165971e1
0.981702995765635756958529161891e1 0.138861595499973718800627214824e2
0.884737942639183801021918910472e1 -0.293683906927619007578239522912e1
-0.866073796988827168553585616904e0 0.485632731788125634735975148173e1
-0.137864650016463645344535630987e-2 -0.621033714231111302298964634927e-3

0.165938240881855208239e1 -0.457717273772440070255e1
-0.386142395618328914298e1 -0.157941846030124291339e1
0.128959393574569374363e2 0.222720082201989681529e1
0.215260893358854039892e1 0.390220772200864559785e1
0.502556390942086430619e1 0.325765566351233971411e1
0.548942155751361563886e1 -0.145409171380297654150e1
-0.427845341758613773812e1 0.407490368867358801561e1
0.316618672237739527849e1 0.625930825065431151741e1
0.181997928065222646548e1 -0.344035012149783709832e1
0.959555974500208713751e1 -0.152810743061203466544e1
0.201287992068047438907e1 0.373161568677014459532e1
0.103316176976655717235e1 -0.349485640627024390860e1
-0.165965133139835522559e-2 0.637766912816219086184e-3

0.814979602984441848861e0 -0.254489192456355647068e0
-0.431526906574513776423e0 -0.845195835718054819621e0
0.107134219805334999290e2 0.211279664094813238650e1
0.936872422474163238403e0 0.100151431497074849136e1
0.521657308562565156813e1 -0.147266442950240199151e1
0.635629395785200158051e1 -0.578147122782202065126e-1
0.150561229328820572119e1 0.311800705093812731655e1
0.253951135644005938918e1 -0.651885821410537498162e0
0.256583983200628254180e1 0.259531390860792337302e1
0.167825463729940447296e1 0.249160931857235650399e1
0.587593470247043711378e0 -0.407478393726925237060e0
0.403128295350756426021e1 0.782969722284128756573e0
-0.202990878231742749211e-3 0.163842350619778855641e-2

-0.491399447146939784831892034658e1 0.666955393615231319096709493460e1
0.484702676133779169615071937277e1 0.579405802492165385848767356533e1
0.702659678732831249392380433602e1 -0.832739432381546055894566317716e1
0.878633778717875481269143079363e1 -0.106545261862753301057149541453e1
0.496617970031565759832158921930e1 -0.116432855648148932315290783642e1
-0.386136287620532015896748439198e1 -0.247082624516062496398006832084e1
0.122848860830719789516520093270e2 0.688809739071204122030472514080e1
0.676587627277612976789162709680e1 -0.137132428376966083436258585813e2
0.146137530499498012280980930137e2 0.458600632644971166871013412800e1
-0.221792065589242087609541854463e1 0.158433420241707686885528262872e2
-0.484044676213601021881775411623e1 -0.394199617701406844978202326486e0
-0.153755862704391632157060694652e1 -0.339410167651445293601196539937e1
0.292289972416811032702329886196e-3 0.597212910106618950134779254070e-3

0.328696502359830636979e1 -0.634401521044735699616e1
0.675966675393479471141e1 0.937085077689431234123e0
0.566683569936365188298e1 0.439259623835355936423e1
0.311790869969757286043e1 0.294443625613616544764e1
0.724952516027790051789e1 0.217206167396173273777e0
0.488392985395405740227e0 0.265127934664875862568e1
-0.641240703292860076291e1 0.292987159657759382121e1
-0.615387013883916445759e0 -0.919486042397742762110e1
0.977093824786036591317e1 0.363229711190638409821e1
0.389459087123786418532e1 -0.770959060552858592191e0
0.227548219523648906013e1 0.255941433997174592595e1
-0.133794704760393970270e1 0.100677825967644666032e1
-0.335437972942438418493e-2 0.356290358407295164798e-2

0.220453973180920501139e0 0.508551784835230382054e-1
0.145467694986613474873e1 0.288795888430237636044e0
0.111994699988804282970e2 0.201205313267775710720e1
0.536932689675892619642e-1 0.125123921891059753384e1
0.465035042265471046472e1 -0.163874897803511880253e1
0.664500095795178887274e1 0.202448582091001655619e0
0.289859002561548613681e1 0.239735770190183909083e1
0.118331876997484778985e1 -0.212497203760333779402e0
0.989978162206596005405e0 0.291645488708106759355e1
0.122131943873581580949e1 -0.488223101804249362242e-1
0.198493790168901118381e1 -0.772993886099971008632e-1
0.351929367307541320943e1 -0.751511270365475700589e-1
-0.489572122630729356298e-2 -0.702911182114511922387e-3

0.867362545425764921516505485433e1 -0.306458417045376225127787127469e1
0.121787146335191487376069001492e2 -0.482994930398306767337863679123e1
0.975964855390036522417287276044e0 0.142437298221831170658081333904e2
-0.925613705934012524619863574675e1 -0.101016690037513256789705843501e2
-0.911539044434446521665109090301e1 -0.462792207359282000790567569025e1
0.642914432794188955833233695370e1 0.146109984288591089191540857196e2
-0.283344942252070627353735141082e0 0.434277832386535077764171262662e1
0.151668475153377792288801362970e2 -0.676253295813329850695896154390e1
0.239889948071577322400316458507e2 0.906138549077831604854719044195e1
0.149302934007587808327719980911e1 0.236802362141838222730686476444e2
0.101327903775485414496458370819e2 -0.191963662552894294781131586344e2
-0.128929762792313008016904185466e2 -0.135405874740750117863584423415e2
-0.305047673169713403280093054034e-3 0.109597322071815329529182126958e-3

-0.486892592078738633327646443078e1 0.199991478441439367344754500111e2
-0.204459362129374771802679146070e2 -0.544801442723206894926744706257e1
-0.154582723182397850465638170835e1 -0.944986791387701487468864795199e1
0.736086370478311120701963984573e1 -0.487873823064951302422457770010e1
0.108760482377594526187567819734e2 -0.264516949889512213457593308331e1
0.109092161832396278740181177846e2 -0.496467063763700921063442874156e1
0.349928292051693798551219540140e2 -0.315641531778903460110654054822e1
0.361700368355930156450736027225e1 0.306114004707141082778625294853e2
0.454943038353519708008300794564e0 -0.113541025615741301684864159007e2
0.103615110566470076939298367031e2 -0.123439622336493694792921823011e1
-0.867810339678945756861333931019e1 0.628311910289392526421339229347e1
0.105380266446402193201770855823e2 0.947557684584292801494305052644e0
0.102448549378395694613534726226e-2 -0.691310837559649689303638824978e-3

0.125448977850057344656e1 -0.747116450460645249243e0
0.129601727891517898435e1 0.573581163266615714688e-1
0.109095210775333113767e2 0.201159848952806299678e1
-0.230441008371014809011e0 0.194522251358691324389e0
0.326156829587206722847e1 -0.110022813393414742463e1
0.613476144956288174789e1 0.132242368380824480917e1
0.100144772121775583714e1 0.268317166405720740428e1
-0.695649430550609380560e0 -0.248465097181447837436e1
0.193947849664497247468e1 0.264279879138777280801e1
0.377926209256166813514e1 0.461511156657464081694e1
0.409303130870655799793e1 0.378372515315133206505e0
0.455577944179625858633e1 -0.216420788744863831169e1
0.109951850803289587704e-2 0.842821147670204819393e-4

0.992780825460636783594e1 0.423595682284350213889e1
0.207166197124197401210e1 0.523193382305699060961e1
0.480247044373372560747e1 -0.497918130417728304650e0
-0.235380970953718528888e1 0.682787374016010772731e1
-0.229368731131321836958e1 -0.962617173686250878796e1
0.151064312964987504957e2 -0.737934136913897059749e1
0.668691666162402570481e1 0.224827696911367846348e1
0.658323521050982922486e1 0.459615702097632761267e1
0.124699780228655846027e2 -0.312925070964722143018e1
-0.701647375747974005932e0 -0.161300767613493820963e1
-0.674275918113798544175e1 0.174796132205196658848e2
-0.119652982395282258127e2 -0.860798849418201933361e1
-0.167691584539278794633e-2 -0.778932751469661116327e-3

0.192583278335769969987037967933e0 0.531020142209105073282518170991e0
-0.385491951183134652974382063141e-1 -0.111268322508792362927694732227e1
0.109068691556809454889064469179e2 0.153861570678761584674280346037e1
-0.500726037943345255804695706099e0 -0.215613263243074966722524398253e0
0.282372672088986597718145128546e1 -0.104381955285270747549371474878e1
0.546606704885823438353703143580e1 0.269096612387579961051441188370e1
0.346862168358711752448266765650e1 0.495108601000433417544786320381e0
0.127355737008152594634128519299e1 0.108084691938919811710479437060e1
0.252208269044570756581582796835e1 0.874435946810788360089058335086e0
0.483540374672248140008016645896e1 0.877097835647635115530150488566e0
0.374757314713532832476661926706e1 0.278398611912955402220926295594e1
0.562281361476215646119573280647e1 -0.161075009901747505876183715294e1
-0.357951272010575698180699188518e-2 0.168526045367638774830163740193e-2

0.233309800432453400302e1 -0.119655275829992480737e1
0.377053044017339862234e1 0.947320006897264547214e0
0.109816666245178755175e2 0.224314994635793309120e1
-0.365605603819497039026e0 0.541373336746637033535e0
0.251286410936427711204e1 -0.484262243214735953379e0
0.335269568324620674234e1 0.766568992925957601444e0
0.372622554565807215785e1 0.257835162166954613141e1
0.146108258449994202210e1 -0.170491297227172508585e0
0.117599712888161235687e1 0.104950304592438504558e1
0.363746199632583843645e1 -0.966923034966482787989e-1
0.140804559668827954490e1 0.135994243168817862820e1
0.333773848389402455548e1 -0.992288605101925740948e0
0.198405714691757630853e-1 0.283808902591875322856e-1

-0.273057757770082801686e1 0.224690164430755163517e1
-0.702030290172061520915e0 -0.339983461069949988382e1
0.120677391638350015200e2 0.301337329608043580885e0
0.229171432861636998056e0 -0.104202693810476523350e1
0.545417966270088716996e1 -0.695848882765783125891e0
0.284085490460347757542e1 0.351295273660428027996e1
0.252045705272761277438e1 -0.561840457606197845588e1
0.760726884529225009200e1 -0.516467051101955229976e0
0.351404385799863705313e1 0.641167097870957251437e1
0.637382750167982721316e1 0.271048160975781409474e1
0.214108484137064095749e1 0.187243143328274417735e1
0.235651076790042719798e1 0.227802130330411384262e1
-0.283877846577321084935e-2 -0.530924259005265641425e-3

0.579262089980706659526e1 0.257965633859759262679e1
0.127582540998476937197e1 0.279974103913703108539e1
0.984848916641222623444e1 0.100074558074379188228e1
-0.235133824748108153984e1 -0.864039492692468647373e0
0.323137280304411983380e1 -0.600623511711341643779e1
0.107460887244100594378e2 -0.139781911283651025853e0
0.468305028061119598369e1 0.380602868898525936855e1
0.138629458634236507717e1 -0.305812805572059175367e0
0.166052876043354633387e0 0.105913052605672542079e1
0.299897103216168777005e1 0.761218681374499346907e1
-0.401957232132869341423e1 0.550134054094767268109e1
-0.119230221494879793319e1 -0.773902935146257483449e1
-0.452419606842225621648e-3 0.266087559289643187701e-2

0.235414761257462023104e0 -0.100064654154790372883e1
-0.390293029597640728359e0 -0.288347304821983588914e0
0.110201798969978256217e2 0.176936386889134504791e1
0.891182231343535787591e0 0.564268388599460365377e0
0.516920326163924521426e1 0.520524510778764220578e0
0.421585448737074688962e1 0.149943185161843641580e1
0.105249075664396632445e1 0.352517839102424056642e1
0.256790520354728728464e1 0.606038152942014569154e0
0.146732259828998112328e1 0.225090924574893020663e1
0.296403891675636185906e1 -0.717412643741819460830e0
0.271555038925589340500e1 -0.209672294539314074528e1
0.657791723928639534853e1 -0.284260792912838854835e0
0.236818461495931217997e-2 0.244679369069388081833e-2

0.654351589470268191987e0 -0.490532549981641885321e1
-0.309908379831107659965e1 -0.101901909073964721836e1
-0.243140660375290779778e0 0.307408401603975288104e1
0.340245205723546377129e1 -0.387001647799253995115e1
0.111078105425567361785e2 0.502703933961875035208e1
0.634487608959194682038e0 0.704431930363390293014e1
0.826893658132154039508e1 0.539980549056895740671e1
0.303392528351244531348e1 -0.944640069450180253768e1
0.174728257931652359626e1 0.544363689380099780371e1
0.549388858775655068928e0 0.587742624355163472295e1
0.404954219038885154455e1 -0.105958785248857070924e2
0.153285452955214522800e2 0.248946372812707944575e1
-0.723396073969017821967e-3 -0.535208879325353631728e-3

-0.315432601916085715327e-1 0.220968904421009135382e0
0.128330387642691120186e0 -0.903151006674535347836e0
0.113549200419216541674e2 0.156979971988556675326e1
0.481880107369846193079e0 0.345321178476855920750e0
0.368154103590099363551e1 -0.345906608191891349073e0
0.494090917697875798772e1 -0.646275866406875666888e-2
0.324813409926125242540e1 0.109416897695689420249e1
0.116371666177313679415e1 0.521047533426856237311e0
0.169253522303734156009e1 0.368981026413113435535e1
0.346901076664103493645e1 0.393383767903058953691e1
0.285047860596553539873e1 -0.138473087009446073066e1
0.597525716200149672715e1 -0.639158556106299043879e0
-0.966037519840072117177e-3 0.260794175257677906419e-2

0.429232905936820682705e1 -0.745964413397421416321e-1
0.223598466667654288903e1 0.503548022143663479022e0
0.444254163511869222883e1 0.468899005747228314286e0
0.280456899660148406637e1 0.380404629930956796231e-2
0.545233292435242246484e1 -0.357774593823272944303e0
0.262550857156268692546e1 0.169267017100749553424e0
0.382687236136081000530e1 0.164127464749237514505e1
0.245716327526737846965e1 -0.219502245163912910520e1
0.497823756926840237883e1 0.262977271246153044507e1
0.281155898381357102246e1 0.538214173321793223122e1
0.457923555460008879705e0 0.166320229299451059876e1
0.153236571820576552281e1 -0.160503363555750380731e1
0.168208907285281428219e-1 0.711193397803511511453e-2

-0.105523117464354634385494305336e2 0.435835435988423973538462124577e0
0.780933701263088056209901472615e0 0.914472798672281155053206906365e1
0.202220222492836914269373159848e2 0.308764759824240092453738226213e1
0.857158694995581915236460090898e0 0.821076236121097348302991932300e1
0.414468210288944556807741289961e1 0.531747678173969121721278208612e1
0.601207097413405431292020796570e1 -0.850732503677876029607511339878e1
0.930903626660803813719471074390e1 -0.109621153113988167099363655969e2
-0.141383128486809499477056410229e2 -0.848935500781417468185390223193e1
-0.122732741271385495802100090974e1 -0.984828273650167752201149163947e1
0.200275251944072240773973814358e2 -0.279920289864050031607014468700e1
0.185238445577800441918875313439e1 0.108966703791535652244283295851e2
0.940493587566822158448434434280e0 -0.183813965362436952955232805901e1
0.311220277293829908701203279478e-3 0.313990467058384981108598436998e-3

0.564998622776290992465e1 0.132395581578145992135e1
0.479563462274031256137e1 0.357939210401520266748e0
0.385593171568324764994e1 0.231858556655766965193e1
0.313683875162009937572e1 -0.272613505955598679027e1
0.677261137928473103045e1 -0.671968519354159091791e1
-0.112197380945707351606e1 -0.924982041792684055875e0
0.660235457587787123940e1 0.347917585000733864896e1
0.436526168378964638363e1 -0.241467880551784465793e1
0.584979406741427334412e1 0.688088942595630767389e1
-0.727426693122228581719e0 0.310254503328641680591e1
-0.695350142420774407562e1 0.117879358420078409701e1
0.470326579250657303855e1 0.803985397593629889500e1
0.505133209671854220299e-2 0.985418132246172581424e-3

0.397994354222763001023e0 -0.269220304087671652936e0
0.287208556175608102168e0 -0.127394347633269560012e1
0.770141425530476698503e1 0.278402996312575082543e1
0.169663631654141076823e1 0.191271020679647415282e1
0.251131100738996177455e1 -0.823850339560077677575e0
0.520142126946911147623e1 -0.143182699936668487387e1
0.360275181422709318987e1 0.299147885121910295106e1
-0.937863254215126816401e0 0.149872738072551525180e1
0.777085002907951535997e1 0.259150193744929630739e1
0.144287626188563387637e1 0.152437024646559278539e1
0.432710284624190628195e1 -0.262670756372880194983e1
0.716150793639445831578e1 0.120441085683412334054e1
0.104573666048055634925e-2 -0.386738193943720152782e-1

0.230733935017097842130645015654e1 -0.702635635692838769297405915139e0
-0.137442125873552148179589729320e1 -0.693255874116946841205445748044e0
0.262686252528848808170796133737e1 0.155192103999631214951585793384e1
0.174650482321392187944678279874e1 -0.130303735434812840871309025681e1
0.711773740239440839172337611118e1 -0.338659659764095447205625293196e1
0.822008452015249072816999144158e1 0.238969688105316805699656773041e1
0.453801181053786961517328675668e1 0.273685946035343125593052966334e1
0.331973318546960550004881473561e1 -0.447274539903685414915522428769e1
0.424648035721742599623960780681e1 0.257066338751469371875076829806e1
0.375242603490715876817735503392e1 0.529682290148211124563860101520e1
0.432201713210772957805908774732e1 0.525963730013934099062674368222e1
-0.193806177271236829470374827468e1 0.126779592289617585077616616639e1
0.212639650704817197639419054951e-2 0.222112503975772696723776908197e-2

0.309718520196837689384e0 0.749139697804574929379e0
-0.135827160014252419577e0 -0.946345316203703939987e0
0.108603123925576597573e2 0.159443130106336385327e1
-0.172769183391504151337e0 0.697976913981623263750e-1
0.339453718812107146170e1 -0.849680594172480360259e0
0.515613043661449400694e1 0.219742206253181479245e1
0.234938287688860800791e1 -0.122525891784151694643e0
0.196370846829157578192e1 0.133715422160687014922e-1
0.310125947415574906201e1 0.115466333491823503930e1
0.504772021107809200358e1 0.109255819299590866149e1
0.313313506737961889508e1 0.227885982841409149386e1
0.486300995285460483123e1 -0.683503723119269085699e0
-0.686938480176366614448e-2 -0.599019489864161447398e-3

-0.762045100109472222294e-1 0.521113146207917966597e0
-0.746031773927753521895e0 -0.219523964713899050042e1
0.540339379741125311590e1 -0.437737111577244930377e0
0.299213536948750968912e1 0.980124647760024440780e0
0.543792516631733461544e1 0.963709453739753101509e0
0.727990939067338910847e1 0.107267166583299291497e1
0.416859612518150156497e1 0.335165609260473963465e1
-0.116749458440137805369e1 0.145449548950272942375e1
0.535512188216323221967e1 0.193576564209622526292e1
0.234254585263661315852e1 0.559948342540430006988e1
0.589907597596351330072e1 -0.117217561376773194619e1
0.227812535654510339884e1 -0.399758091452427783319e1
0.443933914011390418107e-2 0.566991660946430514804e-2

0.451532660860104757515092928564e1 0.205802740082316501985996252135e1
0.535898365561795225154358999115e0 -0.427185468223025356463729679282e1
0.850528085415166865906479883620e0 0.335490794712995683633898980047e1
0.535378924631501351463155266265e0 -0.206852840413626695875996184101e1
0.708872083699178192556930482185e1 -0.701765295950030652753168499117e1
0.111557420555622858500531531566e2 0.346735172281434626710445981659e1
0.752854442855309768404537901579e-1 -0.316585559058582184144964984907e1
-0.306844797863168914804475368268e1 -0.157229868551705436468427833142e1
0.348526053526141382505559409451e1 0.320688285963561785438601007611e1
0.557733522861095678055537191462e1 0.380696499102852136614745469206e1
0.882121806463866173817586693111e1 0.884746443173513639546255857792e1
-0.391752207233931600051781959111e1 0.573679014888244665986386151034e1
-0.399742891484863662682972155538e-3 -0.193979436859633160492388446754e-2

0.156486293417253529206e1 -0.327854114082025431456e-1
-0.717027445662836107002e0 0.117740959630715375656e1
0.124172396415969511912e2 0.299458471817364964545e1
-0.144645111659476258950e1 0.420387053829329593486e1
0.565228650956396537009e1 -0.101466126801530701009e1
0.749760190972122099635e1 -0.272429147809356536473e1
0.319467045926730857297e1 -0.526514425706844610637e1
0.639824798073985455838e1 0.299350690998491474623e0
-0.270729203572278012604e1 0.553584964308496862550e1
-0.140993564874879600125e1 -0.469045878085527207391e1
-0.102927877714474178472e1 0.222444614423322531470e1
0.601026564257442130193e1 0.240852850814438881129e1
0.102415751967012056625e-2 0.773603697973752398143e-3

0.585770784284541023035e1 -0.461516632940022798054e1
0.107325587833109590934e1 0.465313857085509808263e0
0.895442426715947570846e1 0.664470701363296635707e1
-0.715111769883891195678e1 -0.866337378545230276912e0
-0.178275436003859217324e1 0.111579537424111935014e1
0.897143748734838065214e1 0.748706096923904716213e1
0.653468242319502002312e1 -0.344396081481360200223e1
-0.184383219005530611125e0 0.393789254058596826938e1
-0.658329509772975846223e1 -0.369845354616828470213e1
0.576348390202941272473e1 -0.616517280707504136076e1
0.113957327245954096601e2 0.748080945572894279779e1
0.981246311666310159702e1 -0.772758713951371495549e1
0.112033247133161040096e-2 0.162903140427135725959e-2

0.669681744611757920034e1 0.837839959287510940952e0
0.205893626405210744849e1 0.377346175930565456307e1
0.643148567149810204127e1 0.115811693081522544861e1
0.759982653756365750437e0 0.261096051881153844859e1
0.203363564100723935081e-1 0.319553687098786107787e1
0.790612966867887517134e0 -0.402647523253488528842e1
0.463976307947186699613e1 0.281312295026283946194e1
0.150770849634748682210e1 -0.372889993969266416200e0
0.687029290709024725121e1 0.128027554406734728220e1
0.812447874758594735427e0 0.179036672520037282023e1
-0.377607039808470789732e0 -0.743808726429326218547e1
0.117826862364764691537e2 -0.286178141327926030719e1
-0.619219759327399026054e-2 0.383766221695283981707e-1

0.222301626655885392267e1 -0.998739159509760950181e0
-0.116027759969187478509e1 -0.160919972036973069670e1
0.712511745955284389945e1 0.215168703792591843875e1
0.118410179299856166543e1 0.618426700417998072604e0
0.359263978260082991398e1 -0.133361204903869100345e1
0.633594999498405544005e1 0.177908687944602087133e1
-0.619206216514154555997e0 0.274124066355900824197e1
0.176345502808873234510e1 0.638898637584228366729e0
0.695217313714073319479e1 0.301367817264052761180e1
0.238643169727427118800e1 0.410494325596889430034e1
0.517364076369087143520e1 0.570276670921024471817e0
0.500251973571366028923e1 -0.336280684064284151268e1
0.570080090841069593649e-3 -0.353649646885369851069e-2

