80                                               

-0.126899951277132677591299783193e1 0.188753489531939784204601875921e1
-0.309141808375710230578299851457e1 -0.180209343291141079923045267409e1
0.953022392029723229635372032865e1 0.156470818472911978640393126116e1
-0.564633210090023492688631427375e0 -0.422364666066531515327260596285e0
0.361938268574673611567785155972e1 0.159519651769071699919399741938e1
0.287562241256031823068281042356e0 -0.127963939464096527709696118480e1
0.201288080004872088541422096229e1 0.353599000727875386682150043052e1
0.394459028108159771274207849312e1 0.475767859599036537415886466594e1
0.227006691141746391225707922034e1 -0.569529640368911014801039502688e0
0.567674671262695233011273290286e1 -0.943093444055750575193767799836e0
-0.183777521561371346692394153547e-3 0.131145301814695397818105650304e-3
-0.158318445722407897260319235557e-1 -0.125305765656814721504596995705e-2

-0.325534685367259231617834855034e1 0.563676033415067217539960999909e1
-0.464059815315847298837275181795e1 -0.134688187096478770017042198338e1
0.659921512493467354062980159658e1 0.106785251805607382153548628102e1
0.388359204883199514930909443443e1 0.393509614469865657218695146957e1
0.303519907577997508668274267238e1 0.171141174599388116389383707054e1
0.956486700380152149583671962764e0 -0.189850990998898299233495932923e1
0.664501977852770776377495573178e1 0.105944670585278863031434441862e1
0.358377715940639689629239011208e1 0.432211879796903701270153778035e1
0.193865344652300107950375685571e1 0.928028825128648441553650743896e0
0.421036529088409511823709607452e1 -0.133519045755929419536794765619e1
0.121797100388807396031330761085e-3 0.669393465309246367464718207897e-3
-0.542930258095617935460532198938e-1 0.231043495114628297993295151674e-1

-0.966557882778200400056107354951e0 0.226951004665427749771991402111e1
0.214984985615849965775230034242e1 0.428780310831347302613823556076e1
0.994402465181056254177736970768e1 0.221291542542251400984585011578e1
0.686799027541348710953295357148e0 0.386575332447474184788442131209e1
0.329183422346040463167534112388e1 -0.943424665654685638427764807158e0
-0.134538501712274241285441194932e1 -0.198354004429542690245002539212e1
0.184422983829371118772726641673e1 0.871263600520071547739674497102e-1
0.658421988544580756334836235253e1 0.134973267493327003101939577064e1
0.156350362848650083226172199906e1 0.452470236357982818466746887391e1
0.133964059417761926920677168849e1 -0.210402728773792090418701577834e1
0.100017412224396649843159299303e-3 -0.167933744892330643464473915268e-3
0.221309877606998347214431923093e-1 -0.646060574817747985812210338549e-2

0.746775100535205743981413641315e2 0.196439922625270178202486442255e2
0.203827427141831111062276738578e2 -0.718310088941098357409657746574e2
0.557888128741309511102717650341e2 0.781423213682770582227387910124e2
0.798129793530681281845336848840e2 -0.532384996518394347387852623820e2
0.743982999892855414877121061024e2 0.491773254545532426226176616661e1
0.498871349545373589811540701384e1 -0.712510589867596609852405277177e2
-0.539758723212570532028734671017e2 -0.831986938261843885126044575778e2
-0.826384365655191334216782893088e2 0.602112618743131652393083749070e2
-0.620020343475360598904328618395e2 0.402180083819563543263189331669e2
0.427923468417479558040682695670e2 0.627808529272661284913731025012e2
0.307523305244451470714399483138e-3 0.334564171322898348397905717369e-3
-0.176511596751409700569677633633e0 0.475659032955897151191753767057e0

-0.675347006421367346622216127616e1 0.110861395382830893996793598980e1
0.483252460454493779324088101248e1 0.548620687575286359763581796457e1
0.210166598818231827784622582086e1 0.611151988311893479963182623797e0
-0.174640884998476382612593911960e1 0.481663126505760653572163256149e1
0.165700657960144710826243719895e1 -0.408964302352131767735446226765e0
-0.203244539189317108663385432708e1 -0.219104141965755714233747382441e1
0.471570631939803633910019606446e1 0.595162609246620909907795226897e1
0.602044946661186417289515973753e1 0.296716682352805935929102756899e1
0.602515986157649973883946939245e1 -0.552113253839481788683873667146e0
0.282422837848495347508540183278e1 -0.449883399084339547487239473892e1
-0.603048361471977847567599294488e-4 0.136067389534718749424784786755e-3
-0.315497246003487418562382199727e-1 -0.244198543004767386656433028214e-1

0.471675402358898198045996774245e1 0.909009471539122641139964763594e0
0.879031819419863065188883797410e1 0.211966366288064081663057751044e1
-0.108982438434674877444175036667e1 -0.285396673329563685177195507493e0
-0.656860916303762592678759128520e0 0.285378893455990834978191939087e1
0.340006487139938461488258715913e1 -0.865316873601089596453116244762e0
-0.121180726454592147854763181920e1 -0.175173851915807474266838879355e1
0.446139080903119253171522418896e1 0.548523871516075916375820479699e1
0.577916821690121545400175795866e1 0.280439652813318294620221971237e1
-0.433512711490621570498557574586e0 0.120589823901193063861961206292e1
0.278780311476693619682047771694e1 -0.194156898497052102762505534432e1
-0.552440685327114489029121776510e-4 0.116582757485245176507638522984e-3
-0.534026041777955377443318109175e-1 -0.162177126550529869084552404164e-1

-0.678560142891123082390646077500e0 0.363095830343097741480751911539e1
-0.943216795152707070755310812847e0 -0.658054141366145327822547570979e0
0.106853453403608330884768167940e2 0.345608351756387514569910162046e1
-0.264328300093837454587210696818e0 0.226917257180027893693114073599e1
0.310000393361016801129664334235e1 0.108590966912232567469008897231e1
-0.157228547787677382541113738048e1 -0.183724980896978083123425907217e1
0.148235871435896307153550661475e1 0.264084493678789927509946169604e1
0.253177387264855614166213326781e1 0.241952875742109291717443214319e1
0.206376512320625832014326263153e1 -0.651998255824880965839175903024e0
0.757737826996560332860244092692e1 0.269417411089825645399475166867e-1
-0.514460214167430993892883129292e-3 0.555165696861726133297810232376e-4
-0.429883656726337966499129977501e-1 -0.125759973342855051689114495829e-1

0.208157826514319681942056056882e1 0.995424439754816181607198839724e0
-0.255078250792695467459882539024e1 -0.215243746519333104093855973501e1
0.132951042166127875673962075564e2 0.114101106016198381768003042568e0
0.294661587108666690968908591937e0 0.132074343186097091203978983736e1
0.181295635838427998685466824796e1 0.338895939620729543968834601242e1
0.214095244313949739929840104207e1 -0.127916997063315337261526788472e1
0.208644610198953065407211748621e1 0.288528554364196795529735169887e1
0.328905166352784191413327423390e1 0.282548498537850775195548535101e1
0.519070590899231860603071456828e0 -0.105625754779897804826969891591e0
0.369587575941546151010917215583e1 0.442436662063173429817153705732e0
-0.615135138287255427973474481060e-4 0.124735474639915540903451392336e-3
-0.145880601927875725018008556965e-1 0.782640437806937299987747109388e-2

0.320724845180323073955561012301e-1 0.698812150139423599002279534282e0
0.249018168173525976433136832595e1 0.105637450431474734387204038266e1
0.108097769514461235620039532073e2 0.958491391103165953653413212603e0
0.489003276703052305690983592500e-2 0.218249832019177882879455320333e1
0.329635927572017866504849375377e1 0.262004689679346065177465094640e1
0.167471394879940701955011831546e1 0.534115961262121754186998036970e0
0.105427697350005923747381830701e1 0.254199071769510273300851117137e1
0.218100759401040948371258454854e1 0.509794507938878059046584523088e0
0.119788784160636419121378144030e1 0.252119897666538553185450799248e0
0.290624026378810643174327899501e1 -0.136803454141813201290314236335e1
-0.446507499735979778043020134908e-3 -0.128589806854273922150702453725e-3
-0.608617370882342737897089548996e-2 -0.404036720284651287780570546788e-3

0.953945198557266844247171848851e1 -0.456930269886277201127293509362e1
-0.722725841270100965973404438705e1 -0.362335421714335596260419411293e1
0.125583996655739965016219706974e2 -0.387229986188546739917192161546e1
0.337515435457677964025780550540e1 -0.382181990074145294933622696291e1
-0.329225290776025297128612362561e0 0.753723002088430717289104729808e0
-0.192387697045517843729961030818e1 0.204451227217705108851048652099e0
-0.422557291949937196577371976208e0 0.433792810690387246140955935400e1
0.521200514080057737256107414584e1 0.781255794343121188932273132538e1
0.333092836960551454073544505948e1 0.509761203905763390224880296136e1
0.849151696852367359677799376886e1 -0.311194492081682105063002734180e1
0.963755413055342275287079532171e-4 0.382574984629232296999364445595e-4
-0.547488939181827916572819004287e-1 0.339203306187892589239565229566e-1

0.314485110292265839575983472417e1 0.144318284474156662468173169732e1
0.770541131327483669624400642007e-1 0.234879650438132839374358705525e1
0.141576381433685390268843917926e2 0.147450419073994388619207424359e1
-0.404722552676365215800187346376e0 0.306476167617094465262416581066e1
0.770183201449857783507943371247e0 0.347622824498944514994039673155e1
-0.586139696466049195023591970411e0 -0.265730982827378119179566280780e1
0.110099926027419375857128201488e1 0.175028647893531836352378486225e1
0.411322423355318686203402117209e1 0.285242516566294521725575602114e0
0.875571607844263238605445799679e0 -0.533012275740473240327774789778e0
0.462673763371419435712804403979e1 0.100282559003456733776099536523e1
-0.192319416612932107204822903240e-3 0.844492379226248407004994002596e-4
-0.265339278231549195628992208851e-1 -0.666125548688389611964080978398e-2

0.424995979050286642976618933357e0 0.234539407047224897220324079779e1
-0.412366565667770595297332593494e1 0.735604275727446503434754857835e0
0.107424281344215852263366875173e2 0.200195748848119095931785093833e1
-0.189247755169814139666961290131e0 0.163621618912061402887980011763e1
0.181033730543922500735567347655e1 0.100764034232947245376401101047e1
0.171953920977881357333600262652e1 -0.183324642310049973765291765439e1
0.205751298334142275693215998081e1 0.127287460335713154769033018502e1
0.458722519991951196533698347339e1 0.110133667639090741154660557954e1
0.287266921170283727029262200867e1 0.173164458098081675010852572111e1
0.405409180723012710834814848962e1 0.965828666729016297916314940107e0
0.208602454553650281194499268230e-2 -0.564347827703663014930345871472e-2
-0.131671049923355360698188451704e-1 0.745509029099300631559901993617e-2

0.290733525091948893577454626444e1 -0.645873251790025250636029632228e1
0.116603421343811002020169262988e2 0.178546151815031378620581299507e1
-0.148161973662854847635883956511e1 0.274827811399010283777836057275e1
-0.229977639625191343581095556798e1 -0.110915253147771988317467761510e1
0.669233733346917412392400539644e1 0.706239062661606349904145535748e0
0.368286855853612055760964743540e1 0.548469598600789024921288919832e-1
-0.199538329681418352234801082077e1 0.481230071408620418190376250393e1
-0.325730791319671169676891366433e1 -0.193645304555222100329913904525e1
0.289578495746605086050821674155e1 0.186217854546632315055596571891e1
0.594696332339962669745081904127e1 0.879924881808981384332022961145e0
-0.154009065184564161188045213006e-3 0.849431991402710053359675017896e-3
-0.154888373990627072625716477733e0 -0.368019416733400196520547899810e-1

-0.127038327081097560525854190250e2 -0.155586560078123283608645997910e2
0.205202053507054091314468086200e2 -0.129503787871116773321270836385e2
0.288997891111207910869727489482e1 0.446945249764922446148651394520e0
0.248045841804536937228328635674e1 0.885088627964574912735605638733e0
0.213821220375127649977243289552e2 0.312572506988351732421530728833e1
0.559748644815912727687425285957e0 0.180312031549213055421395513491e2
0.347855043320818046747051651344e1 0.101958250019187461828142222182e1
0.268603749238941539167665358298e1 0.858422165429915625191648588132e0
-0.122107553515860270154781463998e2 0.125878530372611107456959553102e2
-0.799389240948625876542793298064e1 -0.147091461527625981251100492306e2
0.397849378259767878509465347130e-3 -0.381508993111065969769009747612e-3
-0.533140002667654512824833778853e-1 -0.679813477143982047215129552776e-2

0.653243960524799503546805972507e1 -0.266906487428325269551515800470e1
0.663951041322042726383899731181e1 0.334900863612412999960290707340e1
-0.513111865554249566551960463807e1 -0.212679897258205493832374736903e1
0.510939001187140752440135700982e1 -0.784489572092581985758753204983e0
0.631998482249827078299229280387e1 0.328270578791685698685785220506e1
-0.399384789964911546928055493519e0 0.218226663504589440989302177330e1
0.298545602788001848112079735971e1 0.731418877685434252665182389720e0
0.129747854724904306279742319999e1 -0.133882552031069569398435704396e1
0.825940434167797913744278829340e0 0.351522075762835091015593576970e1
0.601169383698385790931938938697e1 -0.970022174509055762013187257186e0
-0.211151458439597252565744250185e-3 0.206472173307362108525518384294e-3
-0.753410609444812081510878918800e-1 -0.395927793969222137122915108435e-1

0.460182186588673325935979505371e1 0.679125535111860154940456642749e1
0.102162980732999827519896986735e2 -0.174699032924728219818975158096e0
0.201784761666334309343893660644e1 0.559151207103951224154021008521e1
-0.546853047449182898162501102808e0 0.113330532638724581403389627650e0
0.752791564412000769396912568330e1 -0.126892563678689248191620843162e1
-0.266999104963651898784754099891e1 -0.534987675186573319772262407942e1
0.112278277960066550497933552581e1 0.420619888020119801704780695201e0
0.583614866530533236159576370586e1 0.185030132288243687893441632056e1
-0.294944361862770697031830666506e1 0.699841289775734722757959944713e0
0.271749090729030634589484242422e1 0.512244809559100576089483921460e1
-0.131277025548394165023416440053e-3 0.100084668426326533553795155767e-3
-0.177975633708712725998632257293e-1 -0.277792462834823859185868368218e-1

-0.218978108647681001916593771669e1 0.226607133352362939507682248441e1
-0.616091335755037142457738483543e0 0.141023310453836008671129033444e1
0.878609516426194125570390973001e1 0.225591215308924372440665762219e1
0.127372336743712174317626922133e0 0.156021475311303345527240816648e1
0.311239620192972285498421260278e1 -0.141690707238229721983644512545e-1
0.243071797326195818175449997550e1 0.150636803622536851029031707985e1
0.128596358969411691253305171742e1 0.235819719787325008602654009539e1
0.233713779898530819639144885275e1 0.110383482230618669948372594871e1
0.396082207350967403405806729587e1 0.142664049165945513687228861735e1
0.349288548729106627969073575754e1 -0.275766602713519027231220400780e1
-0.410573799628094588107802563868e-3 -0.239762586454054946071085719918e-3
0.567643504036259988280315580446e-2 0.112102538285481786113576702959e-1

-0.713185224510564256524794663760e0 0.139808327242866005217728784289e2
-0.118880557855819933559835045567e2 -0.211299651240159839631558450216e1
0.683891805603152586602596911549e1 0.324508294839165080277351493450e0
0.506666816807446763690530702462e1 0.396990833498373223131401106475e1
-0.141519552231800973456793206252e1 -0.269066209502474556002029753191e1
0.573915362595993942466291781680e1 -0.485504939705556654578339335511e1
0.699133209683205529593780815694e1 0.384437517203149965661769943007e0
0.468386269267997882486788201653e1 0.415525175764642213944315480108e1
0.640521274656990611907641737527e1 0.223695321119730663189884915798e1
0.197593927838759005360190679115e1 0.409363637750670516775870667664e1
-0.115242668167873594912823267605e-2 -0.778308996896187906195943608853e-3
-0.376183577934722657725961693243e-1 0.188483931184735776574686930908e-1

0.360461546178779388141803929666e0 0.181720066252688259833638811755e1
0.760445333839765765917556968085e1 0.116874200816033300335050608835e1
-0.449356989150449686953378416382e1 0.201305004984053690257714334928e1
-0.226904687041536753307479067794e1 0.107245811055906149141002332560e1
0.256591200779841000569940711185e1 -0.165782703063848400141411760077e1
-0.201708781487673680951015353759e1 -0.261337764311994631767572670258e1
0.388707171551067200242187620380e1 0.649371752799605077864039047675e1
0.594810744810609842463175996742e1 0.173977190984823694057113403867e1
0.477897901964066114243560629935e1 -0.768472295648915116515250783058e0
0.461465501033635457054327487064e1 0.104333635088182376955294832030e1
0.264211207437624926911458557419e-3 0.615134005831856363528849328920e-4
-0.626142230287171067465286072789e-1 0.153002495415548064376926094455e-1

0.404471998097049400792390982157e1 0.186272654567446525186252121265e1
-0.384682638891798083683490039023e1 0.548452092753896061132919599374e1
0.152923630132766492897990352309e2 0.256589602231473761462033542412e1
-0.144069512457150637676762843652e1 0.219750189343340604595311328432e1
-0.666461978103973166431466376902e0 0.462697875305844018987856760245e1
-0.145715175534449481045860802934e1 -0.280934052032572144187455425623e1
0.394513537874183720042877306028e0 0.120465226443780854992260795048e1
0.404800698345868025876032301135e1 -0.103714424937697221650711430144e1
0.261755059057829049029707007129e1 -0.273253468029141822686847271579e1
0.803683172275268392386039058628e1 0.113984621213970172907406722654e1
0.481736580121028845349747721438e-5 0.137295641262675346958743718194e-3
-0.435645175995037077482678399387e-1 0.377346945329300287270180787418e-2

-0.627626648568645034762100901815e1 0.361989258274464084691718865303e1
0.830023428832900707854540495904e1 0.304116434728157268168012291256e1
0.205528518808910007768320171921e0 0.132053165892333093320451954239e1
-0.101811062259244896531713803292e1 0.144174016927236821703185644115e1
0.677625605457831978422008955441e1 0.419177133927499243402799016269e1
0.493093156311674392140671819309e1 -0.586443279093211085061276652912e1
0.528185508260987708759275130829e1 0.425292591248501108437372539510e1
0.196363444754022419479797590233e1 0.556331365073093102449052645887e1
0.432181577335345657830378216523e0 -0.528901996980535565723209086345e1
-0.171840776737155779432357228077e1 -0.143490258144137072819672317523e0
0.193398584493179465429856384784e-3 0.514657730266899088866721742718e-5
-0.299849275449083008278628353275e-1 0.344007303050702354352281778685e-1

-0.105608927294457983895656969377e2 -0.110120940175827654565280055603e1
0.763953844231998867987830374619e1 -0.992740704292671617721032240126e1
-0.350655880693840335499923750344e1 0.784585484064524719315274573126e1
-0.555741132673267891739973791782e1 -0.514481864965659423998348722942e1
0.104689562753005837227862756053e2 0.427555325117218209289722857067e1
-0.617959059236087371147013519260e0 0.727115776188712711163305063796e1
-0.146972433850361431089394534817e1 0.811088308919234687391614745962e1
-0.565657992130036770107376174213e1 -0.407625628876680152901674932160e1
0.667535803072498068270337751084e1 -0.860870903332035927753332985025e1
0.138704811093464941594480306238e2 0.384914605498376583194953057704e1
-0.101077453645827906078243334967e-2 0.277055649786558869280950158471e-3
-0.132704125676947385175607630846e0 -0.378793335729755681514265429953e-1

-0.909185400465414574731405760461e0 0.748870543586446685923471447642e0
0.120801590192447435991928088555e1 -0.267807075175034072147389441962e0
0.972243497287347465746673279872e1 0.812378679516169460535047342554e0
0.404164579740161507052637219278e1 -0.506086037752651703012718529412e0
0.178776620015833663742537584316e1 0.299893158646198497860073087713e1
-0.825323854561314973260985163759e0 -0.109973729269982240427282190585e1
0.147393915930784463559717730608e1 0.246539004470650604919394491063e1
0.279571823011125641236733377420e1 0.594205829113744131290679615974e1
0.442716135296643806713550176881e1 -0.294528020600964617046708384929e0
0.352584969401023644354708472122e1 -0.313912281872519627068160802013e1
0.200231522877400976027801967434e-3 0.714859921656850291757227893106e-4
-0.120465589599763132209410887953e-1 0.337766131065029855387873743057e-1

-0.642110492740154072469468457068e-1 0.417738542870304411125803008478e1
-0.162360134176450841016030037824e1 -0.208333432476719459219063882260e1
0.110434377453522745560742280320e2 0.428450220462133988987718121723e1
-0.232680044552298915841986149394e1 -0.391330565726904359681073816876e0
0.661491278357032934307697903478e1 0.643071487799204508710784858491e0
0.191240579140849664864951701466e1 0.277968288262178293181594421538e1
-0.732362221939115790142389109754e-2 0.300568802765482562958045393999e0
0.396067749744825582066117945045e1 -0.184914615167156180692739076858e1
-0.744734913299044130987872717849e0 0.118594876250770212524467108467e1
0.406862848011235176596792978310e1 0.164304372787537606819641573883e1
0.259021109429108309683755638488e-3 -0.101038355421550929555572125676e-3
0.214757833145284670009103768544e-1 -0.151323269755234050441872261284e-1

0.123071276422069481649634414856e2 0.345516147578834262341874056766e0
0.326697264033112485929927226082e1 0.176973438596629708709272459736e1
0.991292728222377886923901223118e0 0.414927758099001221479938929106e0
0.297281567788674055098715216059e1 -0.900439793264655365299485383275e0
0.983920629692657945980342048826e0 0.133373915322722883075776191626e1
0.257605286494261727848777919595e1 -0.156796223579580045671620652041e1
0.408856438722719872928552600838e1 0.340254359345011822404857703405e1
0.324914537022826640438213454072e1 0.515593363603065042664952730950e1
-0.622210844380064407185436709680e0 0.318146408078990243065286755979e0
0.378411263349805633296022925821e1 -0.274446622274496310174395733831e1
0.518900575312123223165661084256e-4 -0.678012841324952111764262110501e-4
-0.936094978648200754176957321123e-1 -0.118290610631486220577152424392e-1

0.260102203003748480378907226565e0 0.263102239934181733782719934964e1
0.374128611191425126441713928462e1 0.444811251123060211784959009649e0
0.105021890281578441052452039844e2 0.360693859357051894540341152325e1
-0.913155859636124143224336277789e0 0.259231216669143662452057408470e1
0.365357928253377714293416629817e1 0.155987223896845258725487526169e1
0.437948161517238595936432551908e0 -0.237740129981005932971440726305e1
0.116483921485825397531892850345e1 0.239769941934734784670442520931e1
0.254853363927705769231453627444e1 0.167659468105405365213565386453e1
0.301646481321851981630086545857e0 -0.606235048526726584879532828137e0
0.368970068634379599727733224354e1 0.341103609793705045890663285344e0
-0.176290336516142338927814115527e-3 -0.251204482487300032010871451779e-4
-0.977050472853582175954361834481e-2 -0.185917288383374034774064476532e-1

0.287037702219887896071347112871e1 -0.101620089971256615299761033469e1
0.752625390151591322481088732781e1 0.739745952186913987771818141539e0
-0.615098577991044816750299517782e1 0.126015926383645449833697645774e1
0.260850115243215843186875829235e0 -0.208678255300714711550941128379e1
0.328943785219584590739814199704e1 0.667044401122863985244601413334e0
0.699525489010710237341269999130e1 0.604308024478351499606119785809e0
0.388318631488156846658809698784e1 0.479728398524342850739181422326e1
0.204220584752754331400171737112e1 0.120680712163924067778454279556e1
0.412317997223402037378802868661e1 -0.151383915536840222800077867157e0
-0.794138875661818063634412322903e0 -0.329953978963238495672857593787e0
-0.827458998825335553432324976908e-3 -0.175044287438123013778288351541e-2
-0.166654417973690265236447752136e0 -0.997848682441970895007277367300e-2

0.158829469436254020305317711085e1 0.373094784794422608999586919020e1
0.109374077055468463443969262938e2 0.102682880243677719139638417689e1
0.275491876818347142400642928335e-1 -0.161242493087299442864665035252e0
-0.637938167263133273521867198335e0 0.155162682166316290550477617224e1
0.350021784550159466192627103194e1 -0.265503342325359765639651459612e-1
-0.112056319878209792224041507195e1 -0.267830915226564765630738314178e1
0.351648226920245008623257896094e1 0.578424881240260359819362849545e1
0.619465686424157481063957278202e1 0.348874221900716479980865576247e1
0.102968722115224627592670776425e1 -0.149020294456613890785197824977e1
0.265188099045937746246112529383e0 0.672400726277210379595997977641e-1
-0.278347031994561996435294888724e-5 0.227203903853916854423852084826e-3
-0.488430180940218249674573139327e-1 -0.201387187806403355287050058039e-1

0.724654130638589486694877546254e1 -0.247352458732189408527312611499e1
0.864696462173776293634039450929e1 0.257594694667496779429966997355e1
-0.640069200474597162618232982534e0 0.463305909947468202815565464813e1
-0.288277502079329431162719446625e1 -0.228512184671103843806367730419e1
0.624100925126979602327678632840e1 -0.114137879203376580225366572605e1
0.817041490808003648112125944583e1 0.166207851101123929725969733687e1
-0.142684623972889093996894941795e1 0.310795510071264357705440024552e1
-0.189490953727752572553515284444e1 -0.212786400860580827620960309775e1
0.650737821832305253903963757471e0 0.203019614099309929709651513649e1
0.267395751741488873760230139645e1 0.725965777862698793112082450785e-1
0.125332714156530708990389101087e-2 -0.230289549108784792837141755355e-2
-0.180669767286100032298357773220e0 -0.531444427123035437548322178032e-1

0.295475058367239068044681816994e1 -0.276822818130450949149407285429e1
0.111241547764406628262708925504e2 0.118327581043168169851600389943e1
-0.586266793729019870098015334712e1 -0.109979386937416548367591244065e0
0.340757232183547612704603848419e1 -0.185419476552137637608121349362e1
0.389811579409969480099549039488e1 0.344226558435629764867124980548e1
-0.703375051134690021748733739331e0 -0.835965881895442649158792136191e0
0.322639857454443659452788265737e1 0.428278984417267622244364115068e1
0.209440233839204967681218793960e1 0.249305563191203503841900746922e1
0.389232956747636044549215925686e1 -0.889987087877339943627006814399e0
0.342988608540564760525918251240e1 -0.598190176973144433483185686381e0
-0.821073189207082515750514935432e-4 -0.405088357152095557843272897698e-3
-0.107734420198249209228955758283e0 -0.269298420149952944481766701733e-2

0.299755115425303152336486193316e2 -0.448067177672827875258888792512e2
-0.431079316374887472312225641120e2 -0.256395558712798386653603778252e2
0.246080229054739323280365843283e2 -0.115596158726853560256877654180e2
-0.812813291504269292545966005582e1 -0.205379415638253952044684004132e2
0.771231667921989812535983690769e1 0.281576900208446130028243174625e2
0.280467287697422010088729328064e2 -0.720714730939473187673320706240e1
0.340307446526705836233952311070e1 0.219927187173572796522081483009e0
-0.100316267763749920873441844514e0 0.465470755468652858077825291571e1
-0.197351933158044078840712251541e2 0.739145419073800173330084456541e1
0.967350825369992679313452103235e1 0.199994034386712808741735308982e2
0.629556909886184023696507042238e-4 -0.293881581114478023966731861358e-4
-0.459600869880293148432073039942e-1 0.174789533730220319755812476932e0

0.525649938603600347478164573674e1 0.397687238462294146357715787102e1
0.137747897248801444124493634090e0 0.452125554263575137797875002423e0
-0.437326066152170949172708408530e1 -0.210541451879035261038631349173e1
0.101216473409164663239901095986e2 -0.541441624643752929414741444469e1
0.290714562037673659564136029396e1 0.277804424010114567188486134405e1
-0.107259899555342566826786010588e1 -0.235394628822104806266898386623e1
0.465952227007598316893799800025e1 -0.227676281479286050327086773369e1
0.782411676768969238117320672886e1 0.472410685846835751364541046611e1
0.529693747704452105225108654185e1 0.322641582187801500901486414491e1
0.646065519530730409264440146595e0 0.264561318261368296967627205510e1
0.230332047232188961612242703605e-3 -0.418769068410858282201950838517e-3
-0.109514423600621902914300010351e0 -0.987633369346267533130224591727e-2

0.135639716208054170282857990813e2 0.477896207578363458552771537384e1
-0.612193275334938335526975248434e0 0.692780980156215850116736798858e1
0.397190170190449883059183468044e0 0.801449487406863025587211186956e0
0.548659275766273889870226005812e1 -0.165931535496433983192672494130e1
-0.154584641852711088454345312589e1 0.275425741313212970839452086269e1
-0.150135840608375949306175589150e0 -0.552584669459782367021854237479e1
0.412511626334139795040455339670e1 0.950047791120898264839367684057e0
0.400091085720705091705863749737e1 0.530856222215140708495956779853e1
0.286766779016281757140553995001e1 -0.237628772493536387308313675450e1
0.693071806559510986077204498826e1 -0.370022582962366938663271709731e0
0.983532711225955799737752592154e-4 0.120579327415829415799966217792e-3
-0.644804847324423799412836952408e-1 -0.377978703535258084266999187811e-1

0.181033967427377043410334506810e0 -0.202949385500682534622391068466e1
-0.446840666226984915662917332930e0 0.770940062199177632106348340551e0
0.110812112347454464653611820554e2 -0.213250645446429683246379302024e1
0.118690202191888957102563221144e1 0.145823041887584314235441145492e1
0.112939498422307429295153652698e1 0.344672578251012067612490871782e1
0.344415935865717456905000194222e1 0.383188946051120206646255440300e0
0.708152895968899102720799110500e0 0.221825220944044005092560219137e1
0.276067233720959118059088523631e1 -0.120758117293819395307533960653e1
0.437636853237858927775388397815e1 0.256025022936099802376656823519e1
0.147106582243414408297134150148e1 0.107540496739624921249577117480e1
-0.292579550269694566524385580532e-3 -0.137058134300311763565497599483e-3
0.143154712440752649752963535852e-1 0.124322761651056954862633645325e-1

0.163582842694900170596835182870e3 0.188989406495062825683450629954e1
0.110073517554927494597743193349e1 0.159095210044736169916015073381e3
0.136538157139745215263722751132e3 0.989496976156970503902080502389e2
-0.965362624836452165511248335901e2 0.132210402748248625020264940848e3
-0.699310621450079552147798928232e2 -0.120092142410823780919845920762e3
0.122813400899275253595969941579e3 -0.740376109172564475138152067908e2
0.136812955398439922013630603295e2 -0.785648314578417780207599057048e1
0.150280011206096483193085811873e2 0.153514132648326080647715525797e2
-0.103598046233126575921294621614e3 0.792965948890101920285956586470e2
-0.755329020004888268223037343813e2 -0.106629064153264580060959682417e3
0.156786254567741675280356464687e-4 -0.998240426732685527907797271783e-6
-0.239960219597305533640879378231e0 0.317963507681580992234354545468e0

0.559152328080976141072397026954e0 0.151073136525812570769570425349e1
-0.105822044291050080939586591067e1 -0.143756003797320538480870366886e1
0.117996847526876910219496885142e2 0.126989491529838811845607326490e1
0.927496296978372690274896104069e-2 0.109840396701212101688143877490e1
0.238149958963637697404274531283e1 0.134414617309590434248626606276e1
0.155581064747578471563200093688e1 -0.149357586084075346188997698794e1
0.196554486974449885665150041406e1 0.329339552968690902324762703336e1
0.390423666846318852701806485003e1 0.457957171254689754876960451526e1
0.120361985033980116944710392225e1 0.506427878451578691408738799632e0
0.302957756738572281683916744636e1 -0.149357426615860716577894998507e1
-0.508825598742615215498926964663e-4 0.156074202045717563231535774511e-4
-0.409906192730630586810824661444e-2 0.316929031860348012785613321975e-2

0.125786396379337531369294165636e2 0.120650208512017451155718628357e1
0.459560595626578313166377640612e1 0.711769047759148345637635065826e1
-0.224768993048417343820669664983e1 -0.294693469971581271937508738813e1
0.103468535635819221818688592896e2 -0.358959024098382680087908367717e1
0.152327902581209773293053609545e1 0.437930847846938334786393292245e1
-0.204798425979488967493395508268e1 -0.280034924748233413124772024375e1
0.424493591086152058539240331110e1 -0.335699057317854005468043045036e1
0.854153922823784456169912778280e1 0.374867687612872810939205616724e1
0.139496379951080425849350438148e1 0.351372617708439504053592755933e1
-0.399332280409730102590419822541e0 -0.660243894387669109289993700744e0
0.792168680855566754053894697348e-3 0.233914619689928576844042792203e-3
-0.113784377760162559157264544763e0 -0.304996317909146131858745444534e-1

-0.787685760352542749669154194194e1 -0.213088669114864462847272130572e2
-0.218672311212648102214517613914e2 0.133195715215060662537558353459e2
0.297526703711961427068234855252e1 -0.898227908684249134767916120322e1
-0.662812496424778165074793783071e1 0.454151944360922816592885009943e1
0.201064430123741537669515292817e2 0.455959503808201760167691256268e1
0.435777324311335609017013861765e1 -0.186775568177150362271508119705e2
0.240664223571053776434426759193e1 -0.344491530780437794142984476770e1
-0.197657351493585943378047947432e1 0.188715122832724910214305409935e1
-0.533199283095930852803017865838e1 0.183556487042518022121299111293e2
0.201287413628816241861869989017e2 0.644546190042237919991541952474e1
-0.661733851994583650139332611060e-4 -0.206845283558762132457173038488e-3
0.396104630480157781296642867936e-1 0.112687740739226008218522219231e0

0.637827553951230644690389021692e1 0.215708851969106159864771386305e1
-0.222689256638727471027490172245e1 0.390087670694027588004299170315e1
0.849144904237982898046804453698e1 -0.407810850072370564809554095455e1
0.102839566067691530004295725635e2 0.495404687519471081130286834636e1
-0.251595747958735866158127706243e1 0.390955994818723910362504601653e1
-0.159179395474859537207126171603e1 -0.544163075673880275516326819574e1
0.779863753612644223084490113547e1 -0.334199682810548440568378236233e1
0.101878304881808372460716173055e2 0.378974134343066496919333003072e1
0.130162525747026554255687513042e1 0.652187392096710250543257440944e1
-0.254992582433513386391395898277e1 -0.103664370879640765980788161496e0
-0.724381771400327442907018810105e-3 -0.127899437591780579168550447133e-2
-0.113283283928106783815177730260e0 0.386826521093976377217559022232e-1

0.203836125393088385468764349595e1 0.693424311931980738735498944798e0
0.591078606901251647265298276632e1 -0.207784769820505361979091746709e1
0.220592546524906199117231064337e1 -0.414846333732575099738477101971e1
-0.610671600629207878943449926168e1 -0.214535982178573837455893050546e1
0.567449593753733652359802611782e1 0.134346445875526270086382198052e1
0.231119695895251828514180824902e1 -0.105785159263271905655582195662e1
0.273310074828110326065306923271e1 0.867667672422234008967586413486e1
0.859706501169031227321616681186e1 0.379876822384279432580605181442e1
-0.174303496727123324555592213602e1 -0.238030435784719218095554178246e1
-0.694590957060005296525895935874e0 0.173006462827058678172644816590e1
-0.159347758134286627207237436194e-3 0.171318079451563151486177221953e-3
-0.289388505153056647054648925181e-1 -0.419025072842151278075580357916e-1

0.564624219015279652095799941779e1 -0.142336582293830319736662786908e1
0.764693650191206638882960893122e1 -0.985364993536181970782529142376e0
-0.572295525036283370758924806950e1 -0.113176728533268938663024577945e1
0.656269080949055612250253239237e1 -0.404301269329297786034690802719e1
0.232364689309034668680818561488e1 0.370182319933198340047745253070e1
-0.141525167991475784070268482774e1 -0.195322171232397441360309505118e1
0.375165893479418873960656916128e1 0.297221569229405647032248982076e1
0.382764973172982151335806411472e1 0.464745832607550083208870142163e1
0.489413195775962295542925865525e1 -0.406461141419000733949134408258e-1
0.321134160270782678278967714637e1 0.104510333229585062980829815164e1
-0.206956932208942907503247451563e-5 -0.158578843123366842597369575645e-3
-0.103390813755977696477640440794e0 -0.391559569369186786378724204514e-2

0.305455489256743266258430160976e1 0.911634261225096704384202310862e0
0.592248933390812370995308354174e1 -0.128947789327553069768568338798e1
-0.721563986143595008996602311915e1 0.162233769081784192664799830104e1
0.158037712762600622770307685722e1 -0.297047144836962188030989125034e1
0.521951703467846075680500709119e1 0.209255399179970569167142143256e1
0.165716702242180132237303189135e1 -0.915513080864679224802504135229e0
0.418947757590131564153351679084e1 0.543098661469423509947964119002e1
0.331621555784214618215222691839e0 0.433546822861215119640407270131e1
0.292821809140064856529096689782e1 -0.313633273920820603597739192984e1
0.670584810541730153078752187650e1 -0.132872015855085444638892636695e0
-0.159950251993391376210963139563e-3 -0.188591032311792754746554254786e-3
-0.106761914017698619226997294443e0 0.194264948108646517077499601135e-1

0.763334171912573614372264490974e1 0.550636407143433612388683876133e1
-0.281175631899549325036817451659e1 -0.131251944588855800569507840550e1
-0.276383616547495345433179576864e1 0.511006443475263409271584933417e1
0.962813921740107820049092253987e0 -0.240413983056559171536015748104e1
0.483167338700077238978566246059e1 -0.241347369383396449262976447704e0
0.420069971093594195654960139159e1 -0.296803956028302954701749911979e0
0.709027810933164097499402959911e1 0.321309760191072415753755190460e1
0.296201944068622504986043330582e1 0.793242052501341337459681178659e1
-0.238023752337450583996318793157e1 -0.251752486474445181606807248165e1
0.635773781405318109425222516526e1 -0.437642974092672048775034131163e1
0.109538340286148755739768084763e-3 -0.615412020006655836491159135414e-4
-0.896265415338232851193591514671e-1 -0.266477387000606996238685251578e-1

0.118698778079556962921200416765e2 0.513227041853973508689824264720e0
0.507636998862330842699969956577e1 0.579878131467173690774913617364e1
-0.196493210249991156191548322859e0 0.988798668637481051105792678782e0
0.394342432587809311158054709809e1 0.733733728367552753545411462725e0
0.308497273569046028658855813236e0 0.100132012155368737846823861633e1
0.164098080548052103989888916180e1 -0.259566289031964573587481155583e1
0.281630490816207195319461109547e1 0.141351100843917729922040215423e1
0.213569690860471630960049701075e1 0.123329120532234725473913717208e1
0.194869324219423093708865422434e1 0.176695761201178576034633594663e1
0.458912586490852262304296182164e1 -0.748174478359820436602921896599e0
0.162429956627533117512832105241e-3 0.225309771125771769337300577161e-3
-0.719374468540537098235486557480e-1 -0.130080111348717869611522815576e-1

-0.143069980620805589270123885630e1 0.204389460413089354014410437382e1
-0.177308196203965650008992307441e1 -0.315425371185393453991191403737e1
0.998377736862603165709088819649e1 0.124752036820332350081239668650e1
0.622728796944185366505137934626e0 0.639950611060407972236271030668e0
0.279105156815397268799803943483e1 -0.194057865251415957760267582960e0
0.281439749595754161407577644486e1 -0.805540192912863287305671362794e0
0.193983617117553671472697292129e1 0.316084516154435853214876213722e1
0.358074608522873554132941413384e1 0.425032840887890129794204548466e1
0.300705571886465231632445056729e1 0.218027016125014928590208648009e1
0.212841376365398289880394869209e1 -0.627887519722300134938066365763e0
-0.544548519051948725000789003091e-4 -0.121892727979748870185536693994e-3
0.496384003956166106894539488162e-2 0.187960449200414414080361456488e-3

0.722074910191301730221485570467e1 0.248396508270554859800717947059e1
-0.303005416046001770934397126115e-1 -0.240618667005397735145497167821e0
-0.180518181404462048698531697720e0 -0.140482422973960539200782840279e1
0.948273061364779478078891481719e1 -0.326614950362246382703818820578e1
0.141444761379962297677070034858e1 0.268551948570832844662244449099e1
0.249680492063974659061777800299e1 -0.361630488236999572668088068968e0
0.453076894770557246556376614243e1 -0.159041866355237914478746765450e1
0.517502974631359993091125756169e1 0.384573145737988908821736110725e1
0.377377659778925496211100144487e1 0.366462843279919910612727668385e1
-0.350613746585593734427231023615e0 0.381669775831875959001924484605e0
0.212038295926212734843493646162e-3 0.448745408933226186082883368335e-3
-0.635709991863275062187331451309e-1 -0.706753377339083031713776956638e-3

0.287159207159176647206975718644e1 0.842882593834549662078713217587e0
-0.300430505886856482070585248138e1 0.262097262249611943247401926132e1
0.136687637447989579390494247342e2 0.103310856657070329103853391709e1
-0.710974371528544858973861397811e0 0.172537457565824521781789868292e1
0.123494235489915619982661396891e1 0.430077949967177539994396249252e1
0.106985411159206138087791505298e1 0.646393241275408784914755692991e-1
0.103079630657414263772300778054e1 0.229900790535270411836698136653e1
0.236457308013397320984371948004e1 0.388879878317600366904697597049e-1
0.144747435905811881948514399777e1 -0.172487611678762243996389875059e1
0.650098414866099508887605036723e1 -0.997288208993210892147504458165e0
0.635753101319264578273787382524e-4 0.242668411550723505224409810955e-3
-0.247227951962516138634415019997e-1 0.234895644039277570872124901944e-1

0.187009828961787404155748300723e3 0.734030827673211344256506120126e2
0.753219721439245856176288399385e2 -0.180809178585678289045644378135e3
0.105256171419005779946338410752e3 0.625044834172394765323476582516e2
0.643251609583549851437959136210e2 -0.997856578643477261211076538180e2
-0.714239900632711976297947103587e2 -0.803519558874030917674666793686e2
-0.813863008365186366669658591033e2 0.730305561250788149691739147329e2
-0.816107005263745045936224942245e2 0.323514199265889561170755758851e2
0.327330943593275665230740018426e2 0.886790600332198844946824981781e2
0.146636750334800794020242903853e2 0.306843000108756082366789542226e1
0.633803984140542322466289765204e1 -0.165394113935512407678928503168e2
0.170422100832386085308862787900e-4 -0.871107502715554427662558957545e-5
-0.540218556713551747121904057115e0 -0.156617266974387076116965568371e0

0.186376755213665799184524828905e2 0.113867120498560636341625021204e2
-0.736213160837504939011124286785e1 0.147263698295385829405582125170e2
-0.115102884209803483304491002065e1 0.891548128189031446492092540385e0
0.457179767758576677253192670571e1 -0.267659034522063532215169131660e1
-0.406364412976348060505692982625e1 -0.539508714849553159568286475890e1
0.829455362679780633591410154449e1 -0.768869241267479066832041389350e1
0.259281605340428594637316706867e1 -0.312712360273472508659191268073e1
0.796627414179153823869841359025e1 0.271165044621202825165160245444e1
0.629244876157320713909371846061e1 0.453252602026382902277158521121e1
-0.153906403581590800919725685317e0 0.224805123534286788571821493420e1
-0.309828119986669909990523614226e-4 0.342458969551148314070981555910e-3
-0.611593208978568670078723005728e-1 -0.423064436278292587111507855225e-1

0.833662248637599490358250771308e1 0.232036574544791586392908870968e1
0.308463639782535189409157060074e1 -0.183594591858170985867058853222e0
-0.176021944570061249119370882675e1 0.101979178209634568226137087695e1
0.829105753975391817660274734729e1 -0.270580502604347560580450007774e1
0.326030969667149407167422026469e0 0.192915332031764711255916679333e1
0.243716103322091482070583325557e1 0.527991863855436669062885961495e0
0.356429766263770024237425035501e1 -0.866372524680132205955732075870e0
0.357919879829733030127609124514e1 0.993531675449528928616223915993e0
0.510621309061387309214847753772e1 0.271242043995481136786509465629e1
0.849766051070923930691798469328e0 0.149417361892974675760228486730e1
0.400524362701929016666746997699e-3 0.315824491341387492854681990693e-3
-0.700738258041846736099604953248e-1 0.106075450930782413739940766818e-1

0.462746819624876323294431122999e1 0.399393133696010926504700102084e1
-0.292878345557797803989297594120e1 -0.106587295358428189603241464745e0
0.120302898165189425242505686556e1 -0.213987592646760385025232131805e1
0.931218388450484525930460149849e1 -0.182253420903746164332357474784e1
0.238243356047426198094567512647e1 0.353533040724107107764598997396e1
0.169470337528781999836893134771e1 -0.133355875649613299876717767050e1
0.673559461628220972396361553601e1 -0.141835926015063913977631557225e1
0.612067072033737602664880218265e1 0.633239734442512337402676185922e1
0.184473995469566405556128028659e1 0.249907593470976715068171319684e1
0.238124422402870199010804274952e0 -0.142583306642333409272844609063e1
-0.393551573358716611580289548032e-3 0.458733330905509592657243629031e-3
-0.652450423977648470462014153237e-1 -0.178713854995423011211693194251e-1

0.139060325497270691143721223728e2 -0.431404303389741558439585984360e0
0.357186466771232431364051729537e1 0.898703660306423276546962065584e1
-0.466643591984514955417761603154e0 0.997118724103928823676622064110e0
0.138698409999603708777105991974e1 -0.410135552942591741477743642563e0
-0.422162188814792929987219247694e1 0.524587571248080201072574493348e1
-0.282685384128498528834352904747e1 -0.811342421978385917744860457419e1
0.379836452186135990055936243709e1 0.500302272001109942228620915342e1
0.357213112301775944743729613664e1 0.411312692845924228552691580411e1
0.435566888605560133147258469690e1 -0.650345090279750828858724321949e1
0.101242769013258616515820945804e2 0.599778667158975018462503642707e0
-0.120504728076399445417875455305e-3 0.212271659300969716937806459180e-4
-0.644201502173616056572462894702e-1 0.255410352903507527560185014879e-1

0.720998257563368954331495569886e1 -0.290961655343609317969263430473e1
0.931418587678420573512948507963e1 0.192844465798045322719989213149e1
-0.574936513338343245712939626982e0 -0.377177984426646492693927326576e1
0.144865803719334838831695749744e1 0.278177219015348029056996804451e1
0.508087134999507784505928763111e1 0.919057762677723617381955915854e0
0.933095498937098155657358053974e1 0.336078882138643592874491686328e0
0.394997483239486857643076699712e1 0.660193815502130097469591179204e1
-0.320401688254060943348632098422e1 0.449793220794408858573369986604e1
-0.280143449904131708005474874712e1 0.198764807144910305426739552944e1
0.357145078696269022758882898278e0 -0.565997385348608936893519707426e1
-0.130221519225568637514205930969e-3 -0.299442453681268289048507480876e-3
-0.181217332868582903473701635870e0 -0.235036567418047205430774892110e-1

0.124308979456559374939332242630e2 0.353800318183790225926381911865e1
0.141550224188416039260212942589e1 0.137238430970944856366538807513e1
0.292773105419673119445387861578e1 0.310945426048363850803778200261e1
0.701922037102585713258075035348e1 0.645621858970660760399501528668e0
0.786384396229083798716538094525e0 0.276735249791628593417335833976e1
0.298110644067195014917566063270e1 0.228812762575489526014847895045e1
0.522316995952020517616853901212e1 -0.629851056320642478798222238690e0
0.118598693893829564370404679147e1 0.215633958347008053715104577590e1
-0.131085541754646349998436570759e1 0.378114939793627176171814114477e0
0.404960674741308764047869298888e1 -0.404024419586471372124259629987e1
-0.227665002432637136679233842321e-3 0.368804326446720586104476738971e-4
-0.584386607338838470616334585012e-1 -0.217654199571912009798477656756e-1

-0.261716159715033283828966462167e1 0.978557242106873846577152486957e0
-0.370064942031883737580702944177e1 0.312775423249325315607324462971e1
0.680258849596046173784428279574e1 0.963305874286151007451689875846e0
0.197994741342183473467238415701e1 0.315304454575681883857603767399e1
0.112791942099755323443120652131e1 0.388420246537858144841182959052e1
0.280321153619312041877923594623e1 -0.154343859182273723081705928214e1
0.623292155155903713248751988093e1 0.165300945134188088869003476136e1
0.404853815492991849084689748947e1 0.304727982054205221673145016990e1
0.322747748357592403365011205312e1 -0.503009944343199056299412199761e0
0.242987548702530404798064602115e1 -0.330728895931777999187146734870e1
0.315367518287404800861979099379e-3 0.224040319525009370716129271482e-3
-0.301910810840298439099398780793e-1 0.414516024995848193415985667206e-1

0.935040772239242056945999436216e1 -0.286028553568600404909272691594e1
0.345317285888110236575029263512e1 0.298154886122562559383032556097e0
-0.168826654506770558183666021264e1 -0.308708653272594189259869028292e1
0.491432310856842988644295868308e1 -0.141527761706785560819781743961e1
-0.301502552906514847884016224644e0 0.196330822294843014503566300481e1
0.309056571787001601327117985181e1 0.243814308434685348425433427245e1
0.319365597573810610107417608675e1 0.541533495762349934450014926683e1
0.351143707218621151481745692408e0 0.286047732276373332675897460574e1
0.475279764347820972479212260998e1 0.122815109542637996328508021704e1
0.507155153049158297640568864654e1 -0.338457750443538404961345223730e1
0.117663049728900340949263643040e-3 0.132727283007160027396895593844e-3
-0.601181178569846438374801089472e-1 -0.139656821179279136574890263104e-1

-0.1905899069138620636162953037217521266233e2 0.3569639523705578057895809040635999955531e3
0.3587154013784091159486088744521736702977e3 0.2134309212517728090171207679369198132042e2
-0.1693845346996035106881894215284165872227e3 0.4725901060083786962022859581064809573120e3
0.4745362959787173992157479450427696044047e3 0.1714158791396964615307685734930655128053e3
0.3475782777321154046426818686450614168275e3 -0.1050826873425031147522765028383003499151e3
-0.1056767577783214092905787805700589628747e3 -0.3463339747401810953157475123014326526476e3
-0.4839140293925946726642674984128859088911e2 -0.4796358562210900285463648639392312381868e3
-0.4792745515577553239671154034801165814121e3 0.5440198562620421838177428932998413183075e2
-0.1713413699701474627693246262325080058369e3 0.2095270472808080653211851479320461584815e3
0.2123008926380490899761063431943227386411e3 0.1746329070585858650336599544913585958068e3
-0.3916263840010786136789976124294551334299e-5 -0.5391643759816164886656666325894494515779e-4
-0.8404664947888529835896318683879778063864e0 0.1185374610021965654675403782910042983236e1

0.872673284631491120819866364434e1 0.347393624101574851008170666567e1
-0.817653948961474532690936077791e0 0.504757071458765480202116867329e1
0.369880557493159596842208895925e1 -0.740994603029574048648910813568e1
0.142605012738216952382671861461e2 0.141825614115992378056397175567e1
-0.947851760337888048828861737584e0 0.754223135252469492086649090776e1
-0.474198416831937962180672105716e1 -0.457940514677630333010637135459e1
0.720638855701430221088929852985e1 -0.133134311179864076760547277738e1
0.529235876419645870142188416302e1 0.787971406557405040135594136044e1
0.198424317220913621256308291281e1 0.822354740288188451655234549266e0
0.435652199960416788771535076622e1 -0.294617632811194371207950067048e1
-0.312349465871359073412336447543e-3 -0.653114246563262771853440556743e-4
-0.395613956146888245220566778653e-1 -0.499498238542725290194803347821e-1

0.767199181331156849571167579054e1 -0.168678445800948747800058316943e1
0.918663605237124358425774814643e1 0.128164794331237741324737711993e1
-0.274306198196871023133288128810e1 0.342012876880741668507595955919e0
0.361610008810559858132182534104e1 -0.251152986186647036234537608588e1
-0.412981874640488904192545810204e0 0.661715454664145266337809668945e0
0.198663024128728367160325078665e1 -0.210123321533623585968441842440e1
0.248559674292481025424823339542e1 0.397050668962574582271150673641e1
0.463257682282436822352013671292e1 0.349722576872795790382937043668e1
0.545682086308971453641934733994e1 0.126628952600760848673065650820e1
-0.562390025718887263130024602400e0 0.644583984058993421206041228395e-1
0.232392686183532855046869861125e-3 -0.820593851033361571530328347219e-3
-0.133144434655833966179799897530e0 0.940394519871607595770762741146e-2

0.357727017530330959380874657066e1 0.147325745253502619346195607446e1
0.777918814193017243324525115038e1 -0.928306588093699868797183484933e0
0.970390843737970551700335121400e1 -0.189073473713199997829740831966e1
-0.217412270406175824793150447192e1 -0.299897066976854518400761056670e1
0.300121959270783512482545291010e0 0.278149430067211557697999244601e1
0.422260479789485451340053430022e0 -0.354713249659038073898617900388e1
0.410895454994656557540646059832e0 0.753525792599983900485795682587e1
0.818351336453624921724102001819e1 0.727438446860931749408275042829e1
0.196324610391107307739985105899e1 -0.459821493790551103161272835413e1
-0.252537090439723681587281376667e1 0.251920392876784575690987335187e0
0.114827047882762718585397096241e-3 0.198876429747938687417751441732e-4
-0.120897713233390923891407529149e-1 0.183367084788644560920439879612e-1

-0.283541730246549477739629419974e1 -0.122519173790811437454928262813e0
-0.455398007601250956257244357245e1 0.641858037115672460702231837816e1
0.228495218197075051767186473120e1 0.793167617405202104758050555285e0
0.523630349760606960134400003173e1 0.593967139291469380869128729407e1
0.745093249133901045509341724443e1 0.208574709168737608717182362119e1
0.871194846119650719003347084638e0 -0.616502362211916973110978415252e1
0.554075536856840103324560832476e1 -0.294751400237589429522042310765e1
-0.104739521882651897820600902408e1 0.209501233612743107670755703074e1
0.771186208144450847430740216342e0 0.643872997821174078902701627419e1
0.923057064359965104334661429425e1 -0.977274051422549650262344419552e0
0.192648148911576720913447765380e-3 0.470072841719020389017950832814e-4
-0.460530122255047646332859788505e-1 0.648251593432779858610518203625e-1

0.356546063509962050282285854446e1 0.546902576319119535290864924148e1
-0.797278705425949567737004010566e1 0.119768586142267233729010514108e1
0.842430508035435018184561078277e1 -0.187052338442315165614478866795e1
0.464651182693891370829623664164e1 0.402365328974729492330288368736e1
0.266333979319702545822235078928e1 0.474986713668990533335770530476e1
0.167579467668222506008652652013e1 -0.179920786422343049274958808503e1
0.789427558617393724905565452795e1 -0.119312313612519594035729581234e1
0.551764801528620945610570289438e1 0.239533644519920324019881533866e1
-0.246872507373381985145541230367e1 0.113224715624718344339228842909e1
0.396356577998931395136509270248e1 -0.273773073304309700279647284937e0
0.160408583080644901475566005935e-3 -0.762102402332061022256435665783e-3
-0.902594410788921923422156519413e-1 0.411604514762437375372239042934e-1

0.962041412415679558495290573222e1 0.203238824748262098465671799182e1
-0.385595495058299358653308823515e0 0.934655192724786113051811007602e0
0.720145238610325197766086167593e0 -0.560379073193918007193739506313e0
0.721253958784920205677288118909e1 -0.210244878869702135177295414650e1
0.105103414777142610839304270338e1 0.210910815033980156954032720923e1
0.684286315247451628966315910866e0 -0.101712715227026063537461977497e1
0.436709101240026760453578697920e1 0.690042406127558021756435886700e0
0.386910287741559200954467866801e1 0.529999168785888462591454181445e1
0.222180155655320876584470225573e1 0.178132632516735189725360872726e1
0.436953117731359723721772929775e1 -0.186167018445023760722356804859e1
-0.799489980083058333350066992434e-4 0.181794762664333117897628383464e-3
-0.625958251137723292419275101748e-1 -0.159137598882015154370659496828e-1

-0.376211457837638419962919660196e1 -0.259867818431557686533479900278e1
-0.302542216228478122429077093975e1 0.495638053266556141350013987313e1
0.720025720923109089323124469902e1 -0.245916182448223706921759315274e1
-0.160776029612559416461885322027e1 0.387754061783430533830413216790e1
-0.185557060870275208670013522645e1 0.992321520957606261504647658451e0
-0.202290432830396190416439916095e1 -0.656039151678843937369291499717e0
0.467740654283109572307715116406e1 0.661273675147013447845668377959e1
0.774915084404158933446264697844e1 0.343999098003004726309843130594e1
0.725923877944181959149267651941e1 0.697130785792314026456881275781e0
0.461980618073505323021149970958e1 -0.591351950894201568982577415407e1
0.632651552040182566708396588693e-4 0.220289103257740587346159128667e-3
-0.603358030966034331625169149873e-1 0.306639901830342128173522482991e-2

0.112612482650232279304691970089e2 0.982347102079835100353661942612e1
-0.795457629105356301609898616036e1 0.505073414156345346015869690821e1
0.333869669666482360134157641499e1 -0.138724049707844049978487112770e1
0.687115965294669653662585513475e1 -0.940026819905809247608658604858e0
0.371480699440475630634621730227e1 0.455491097420635746267690431708e1
0.392310563504518355902907600674e0 0.140317161234498961615769904313e1
0.808743369304182720963308913809e1 -0.809308435144078477391937763701e0
0.504265427868627701804293845817e1 0.743039553331323320332396486083e1
-0.474406541605356035144499379549e1 -0.340434454301990801613151445591e1
0.734525041475684877731362141800e1 -0.726832686271725979941223590026e1
-0.264451921889434791157848986701e-3 -0.204400654059417466310163002517e-3
-0.460929393046854501360944329937e-1 -0.497236349939665856496649825801e-1

0.112005659141681394051128120439e2 0.625880224686934954306991055288e1
-0.335066966534504396446563674041e1 0.273678357393086738019415338137e1
0.266966263048376686723541580885e1 0.335776451114929756071566730089e1
0.476904138805322708130619465049e1 -0.311166307904978065372886901000e0
0.523334646856218861482280391790e0 -0.155286496382973870085601213085e1
0.496384842090204699069329977975e1 -0.388619027346102515740837229087e1
0.671529497994571068354989233094e1 -0.222053102293111800322069705581e1
0.873158166827225744375775232949e1 0.577120302568844429046590242424e1
-0.124730372543255810388919205450e1 0.427462266712392878520978681725e1
-0.213867114711961589323412835684e1 -0.119529746981241102823494571814e1
0.437609035107960723390615018378e-3 -0.153695601747480869383011772667e-3
-0.125622971604874076688581988422e0 0.482070084994116910866057365868e-2

0.959886806018234404764686913893e1 0.434503183144596684339311453968e1
0.114073218884347105998098338465e-1 0.433991227130716020857761895433e1
-0.274501839720585475980820614547e1 -0.625931057353086612202354254257e1
0.133370648560365229822328910839e2 -0.548315261437386859632750640241e1
0.696495800402817507299263046567e1 0.724032417884392261752223357291e1
-0.392984139920529322962113476680e1 0.144878334393566737969917687226e1
0.676167981827781807285682128337e1 -0.509896765813074194741398832578e1
0.966231655627193009300387878710e1 0.633321066862871026916389252376e1
-0.318060327469294935044441866687e1 0.257143056541243205656926554097e1
0.746926146964564162564604539459e0 -0.377646885945534720179224576619e1
0.984784940570442409131591692544e-3 0.415914119294506648642177011060e-3
-0.135454251647922566314577907607e0 -0.528448113150675452841883099291e-1

0.875120939069489586552932650321e1 0.543711832904475484794559020324e1
-0.240941175367394022186368916477e1 0.335769442151868976588789206519e1
-0.354061165602674510472983947476e1 -0.182137323749253685385754845447e1
0.765195203597932167472400237650e1 -0.550989860764553537237475407725e1
0.776119499930119910403779813289e1 0.528917638721066097699617111981e1
-0.236493360489682197264392013929e1 0.203084380442694036070978452765e1
0.678159908890926201736095633015e1 -0.139408299979409301606909437961e1
0.669428215908114333288737740686e1 0.759882267834335766759315836521e1
-0.386677065238659672025352046823e1 -0.169394766008413822520564586680e1
0.614251552350777935999632575107e1 -0.581490849724690766919615893145e1
0.143562194121074536398725491110e-2 0.687761775855972189010496941045e-3
-0.125029062699761543500393513102e0 -0.640155464173611664367140458925e-1

0.881957430621055959758959761965e1 -0.671449568527171641348779885737e0
0.985185218124496511611793290872e1 -0.154507586375841531681229502283e1
-0.205306836340935119826215081150e1 -0.108756349438384766242853823107e1
0.735397547286103401253325698857e1 0.266165664098835370836577805750e0
-0.482541767898918577979975168392e0 0.273637524888159846270292215966e1
0.662797819994099901063398804840e0 -0.349362324667875875440160062970e1
0.532696558206073325335930755893e1 0.374626365251135947508143637141e1
0.295724335627297081244079781460e1 0.594980449640976042470612161849e1
0.241106690251341527274425918565e1 0.774765621943534041468004485559e0
0.378849855260154268205659979209e0 -0.367683172782261470305064052340e0
-0.673406657330971973726142168170e-4 -0.106701379021080688586087160668e-3
-0.906264113006054018377819329147e-1 0.587841132236690391840633418320e-2

0.588209125997445862624790537764e1 -0.519846745875805532430971346838e1
-0.725025592135905089506521811602e1 -0.178822808290973628888725633043e1
0.126285036557712990875038554469e2 -0.436728231839478440835455764044e1
0.150116428965157323100957224118e1 -0.242898325166437948848839407991e1
0.341671115963880682098720099811e0 0.283550980441838590113143671153e0
-0.341446436045963692204779767949e1 -0.984920234902470561342848722038e0
-0.311166363693887116866316561317e0 0.517104309611076552063404296166e1
0.617260819096246039054327404859e1 0.781838265979457926223598959455e1
0.400611135576539391465388294427e1 0.520495676320257736348705842677e1
0.915127541974265563123676307442e1 -0.357754383539051196406854777863e1
0.132866601145894984037096412961e-3 0.700099146241931612783951944434e-4
-0.618858732532409551225657300555e-1 0.215307063220335753835464053787e-1

0.113308112981035416731519883260e2 -0.403721454511496188381921231827e1
0.123665532693283024891078076839e2 0.604767715134751856532723628277e1
0.235857696088514246655149780429e1 0.852856723040299188657747434900e0
0.305891008042051525220040445908e1 0.133382376729484877703985977466e1
-0.419687034246231131797401753005e-1 0.273799855061452339051694632829e1
-0.324923247216177116018419730134e0 -0.349381210820640186132705835761e1
0.978728335796951617179463003135e0 0.202031533196247374534356998348e1
0.285415919736835104440256860293e1 0.176569115435476511772127632899e0
0.144158807174048972124998659701e1 0.190804872378484760621193868532e1
0.185354203455144449877234299656e1 -0.148883998947626879249296289598e0
0.419868516349986161298839920172e-3 0.876428348030467872037199952148e-4
-0.951401876241772537506475772564e-1 -0.151739389252334556832921455789e-1

0.164814269763848563367881116584e1 -0.309911868355824872566331673825e2
-0.311119071144689877609525046126e2 0.254683221618531368611302811428e1
0.984914470619892495477154908702e1 -0.574743686642651812891265993093e1
-0.375741894666908170874094972414e1 -0.502136072278336914327184827241e1
0.194162078873361233792734154887e2 0.216737282507341541161279873750e1
0.235269846805669410544162026777e1 -0.187861183097223692387689796448e2
-0.303707275702542687069007139779e1 -0.419407865478430446423960377886e1
-0.307830686212951024654782642169e1 0.105743780673616408022773410059e2
-0.486772070559668780201981957464e1 0.251731244810728827986774798809e2
0.271684602132472108086334367162e2 0.531293339706654024662450355512e1
0.208614931793951489108915753500e-3 0.730936200264932813962155007431e-4
-0.203144010114428534430131758036e-3 0.165360332958852358242249135265e0

0.147496799077498341680502982277e1 0.536473820025148945241528686524e1
-0.374073542593619063635238183896e1 -0.295511178099719209725787954843e0
0.769521316426807950118872756791e1 -0.177356115465048729920732923241e1
0.837135928316330573518422414217e1 0.337040897656352620667592849891e1
0.751661993471031289972922376876e0 0.475055627991968140623415595902e1
-0.307261498197308999742299910590e1 -0.449493312961003270794676487957e0
0.783914791082065457611315375849e1 -0.165804605763839512841927526590e1
0.810539111677553383732024050615e1 0.335147454725553311007766784760e1
0.820911201533540936824563070607e0 0.178136463083311354070237403992e1
0.184931591052636453781054710813e1 -0.153636784377960121746838978592e1
0.795271417269071702386854938152e-2 -0.898290114058467665012915370510e-2
-0.114390127227857452580763424124e0 0.551156489369035207325410882282e-1

-0.789828041819459431368887195250e0 -0.220479179331471202483352881490e1
-0.290040819992602727485304349626e1 0.274681621859707138972682650878e1
0.985255158296154269190154036828e1 0.913572822011682165746776870087e0
0.366071481162676928790227091663e1 -0.231128435143529321453139325175e1
0.169085207933853905230619821120e1 0.398078711862602376215061786570e1
0.278634794126647662596825157043e1 -0.117605820675988681406140932473e1
0.125050892515432201955043538853e1 0.150775576971147770417200660517e1
0.180024953588461028772864489968e1 0.651955604823344640023063217818e1
0.541361210048943296457165844016e1 0.131384122084820883386891335478e0
0.320851903918973551670226752443e1 -0.496603961118478023850000765376e1
0.965281430310816971456279825611e-4 -0.141913366182133264029008228642e-3
0.122716917765135071816965406481e-1 0.457808284074293313146504120193e-1

0.136721713272434454067872829839e2 -0.368039100874028053907666699839e2
0.399901804153557516440406603860e2 0.966094837214801028761727336828e1
-0.139333235219693040905346775116e1 -0.576297619255365386701068275553e1
0.738260639572585475638439181258e1 -0.468072891806038490353509277942e1
0.223594964304255832550005679355e2 0.287609161261976307673338887304e2
-0.261598815384500216587906619103e2 0.182490397497916496489990330796e2
0.544899951807489819691788604737e1 0.133768769730912427781423080322e1
0.625592437898421241021685896617e1 0.704663119080917857102605693656e1
-0.297596054353306924696191269134e2 -0.538701747395380391856818769197e1
0.925255583714523884433270474922e1 -0.332541859982218608593955164817e2
-0.504449732681436336383449890614e-4 0.758893117228621653244390169039e-5
-0.643134476786963169676009619881e-1 0.701676712406535070245112402662e-1

0.111746078007831950558219893405e2 0.544777482324023252795370794288e0
0.394320831597614731065219527616e1 0.388581478619918439432947807244e1
-0.315001427018395796444940677605e0 0.639904353907395072430342552338e0
0.361529481825266706615100842230e1 0.552708375075249634647001943978e0
0.124682615209896352005201045280e1 0.792835950876838298944690677340e0
0.238826415069135781903375011706e1 -0.789870139572428251108161354968e0
0.308584193171976560929521756573e1 0.163765611157006575556284850940e1
0.193568711740882024940154522302e1 0.644047602145722780195877731845e0
0.132721966572416950952055755936e1 0.227158576361690625536566938172e1
0.466235194798994188993940331665e1 -0.810785749472498516827048517539e0
0.214354326491490809593471174068e-3 0.303425060924685046068653384138e-3
-0.757480884147417374716170612142e-1 -0.719318176764481951581810368779e-2

0.691125924858099303411014502051e1 -0.185692383563572203807637891325e1
0.858544272081813867463113948632e1 -0.139540772668426853896245622645e1
-0.411962562053942976278910054383e1 -0.184181362648630704841379446528e1
0.838885134841533565919965503384e1 -0.224325255038290131372387726205e1
0.640397188768186608584220284785e0 0.386434167444517447232194411038e1
-0.109454324497667969052204125189e1 -0.325005678861823501616203095135e1
0.473340100958701158613819382498e1 0.252908915872996222006768352977e1
0.412061022573141760676135833747e1 0.548330103685496210531781529669e1
0.435488250152160100275433595637e1 0.127632096875509839847671192713e1
0.115702533001160243413555767634e1 0.903367894057608706429236894238e0
-0.510751422959781089426635614276e-5 -0.150474876555234511790543764842e-3
-0.974699218648716150028382106047e-1 -0.798497825096160721085509252247e-2

0.415918731688593168141060197545e1 0.914259430317354843567779765626e0
0.344347688544138833549240829311e1 -0.974967076780092537105717157039e0
-0.736284146045822548581352437316e1 0.194896185432173952682699875559e1
0.664763999550929215916723719024e0 -0.526539634923291174131290351749e1
0.583792375347003287103499896915e1 0.138610188006502759397207038580e1
0.199296906668470482856805812779e1 0.737293550320607173841615513400e0
0.365546422472213197741266789837e1 0.460772714753147374345505447753e1
0.248860443507909295994518694809e1 0.399714440962682017030201231077e1
0.267777228783927622282525326513e1 -0.231985341825445888892211094287e1
0.619960438902682739368464474102e1 -0.565411750100231337810624338683e0
0.100631471933739986495531422267e-3 -0.277465108703890273673344940573e-3
-0.115433783214976468560160883524e0 0.603824568299287004106053980306e-2

0.115946803848121098193131424774e2 -0.129718635972574415606043688201e2
0.194971936034720996807313535776e2 0.859188012320216709130927213843e1
-0.491808372855102978494405394611e1 -0.919110817650469091631657077773e0
0.550259667482725452013598763860e1 -0.562962726147705636816943476416e1
-0.153054019145214083030327061591e1 0.577658578625931133013621519686e1
-0.311739806859228442585611059208e1 -0.516505254900481908064930695193e1
-0.405398045718873512491457942660e1 -0.970305748165836078555245912571e-1
0.466571522775972306356592397426e1 -0.511650548345655880784368134159e1
0.103608113945347151523879676015e2 0.443186607773998281650809226910e1
-0.424210773189250445734311505947e0 0.736164302130826437502766549577e1
0.244806142515912489100926172050e-3 0.244139873631169796793744596115e-2
-0.120355520020840341247361421303e0 -0.282340927879189304924767167305e-1

0.171537353286407433249908582784e2 -0.489999921481742857453770952227e0
0.635880616894411914252517603557e1 0.129208009270655765358154112707e2
-0.235982325647764660345950689030e0 0.233511621948228779286061756738e1
0.276015824120973568393383221719e1 -0.730985248879492234759326920882e0
-0.324379419364540907297089763447e1 0.381051224192612549012844738061e1
-0.966413876247402337381684527842e0 -0.695488241465042999864890006432e1
0.126644078824764482123341967244e1 0.130222907415534598532719778409e1
0.270921781012074761782605192541e1 0.682749195801074292641656737643e0
0.382498010628657982236024200983e1 -0.288832810632821261191258280775e1
0.766525021305434440232800698748e1 0.704446407795078739191683311322e0
0.334920770565324007246320449720e-3 0.226899097863322271275443070573e-3
-0.718683981948108875742355177287e-1 -0.284723877765817366298838691699e-1

