80                                               

-0.558738421010917706403285811636e0 -0.143912182137241975975909352391e1
-0.207773434123461368786782016284e1 0.235124948693249180423256982863e1
0.103672010735609341704950284752e2 0.424201819829180802443874014709e0
0.272489933826596006680905199254e1 -0.188779157286599082339558438315e1
0.217172991939241724390363460096e1 0.478218690370341489020565980101e1
0.372219937203023946341141572251e1 -0.194542578808401393555160756815e1
0.619136600660095508050926793595e0 0.208155158275056123755796063177e1
0.161360777095237161873777313678e1 0.744645623825531499062841034298e1
0.611323012013192382424581178462e1 -0.151803551768261987230513718597e1
0.224100292574812210802462446157e1 -0.514520362837535804233380875988e1
0.487075565269308431119560433306e-4 -0.111343480217519336882955280721e-3
0.206871543055256560721057329314e-1 0.465225184372078856449037426077e-1

-0.256860819245563359764857245805e0 0.355970363942517064022698060977e1
-0.157679882004707156029139557302e1 -0.222379797235034995052379834814e1
0.111865149920761578022493776409e2 0.382889669730534086975554237127e1
-0.251588704862483364743591729449e1 0.105648734417098924960292089936e1
0.748971397210162346739000267020e1 -0.424881623073125102374546048882e0
0.267547599991349783133236241817e1 0.389846343233565240968197921562e1
-0.119361785942112380974103707669e1 0.202759437461060837646139242378e0
0.442959809689330120350517774575e1 -0.294187647952003586021957126761e1
-0.579253760648951421103463109777e0 0.832196086804938061143298793347e0
0.438344274171386496969857386748e1 0.168067213544214324464075051735e1
0.199122475830535493649013781499e-3 -0.522244157603513623510089256585e-4
0.182673693325995002226604330054e-1 -0.140806393044889342666307415296e-1

0.597231857996269871101170282792e1 -0.280428758341408664161646564567e1
0.708733479843659985454936342438e1 -0.100077621159963784649791543789e1
-0.627308088080241494884149223947e1 -0.390092760739851744039505950460e1
0.941857315504369971330132256602e1 -0.676114606837256342359282968179e1
0.792826563991803799487456670009e0 0.954673753672677576055121150874e1
-0.750459086695945132356771024792e1 -0.290612858969216395881985095875e1
0.472463979347525848496909668910e1 -0.135766479477110206099654081979e1
0.747546221228380238232123068358e1 0.436307603837857255405530019741e1
0.109093634641541628122086452815e2 0.161629862017188664121640940205e1
0.211290688219752545099986281158e1 0.739039870726154815527727772671e1
0.690510513183676830273711137464e-4 -0.158484866174443183285319113868e-3
-0.157112834273358797764970572710e0 -0.336440576544458478149919460374e-1

0.996042942871622769914949389820e1 -0.132012660941868846600013166991e1
0.939643797802171185819404130211e1 -0.268695630106282989697859732318e0
-0.777369351244766395400331573079e0 -0.147902605099518351050406678913e1
0.690748894147703068235437438157e1 0.416826734893713185846007324394e0
-0.317141529927333644297508260566e1 0.262069195594459186896447987535e1
0.124610707272270151724128808417e0 -0.458348739051049414607139714221e1
0.797044192589967275250346918939e1 0.509155350885781209974320423796e1
0.109842604352472437218812509687e1 0.655264774191282033121380385294e1
0.129304425024244313828904471419e1 0.106440321143617493959455460034e1
0.335435400278934539081205334511e0 -0.423111585336351721713949759910e0
-0.613076223749474370494408462951e-4 -0.716995577650387984542134830870e-4
-0.118696932767564316327719536882e0 0.982738690627771772201339857437e-2

0.154085566969866739566536657637e1 -0.157689683802929061591177629483e2
-0.155364686037707638845967303329e2 0.278460607613492126357831982370e1
0.129837491705959148765448297526e2 -0.984799813562913203818335143990e1
-0.651060340252768535426914916187e1 -0.472193544880806875621793521203e1
-0.829231773636358887774557498940e0 0.933911264520186063050584569942e0
-0.188585384276574288631409685124e1 -0.135245762488729668151684743670e1
-0.400427707836463534476690090643e1 0.138447766078743403371243170886e2
0.141161664858172852750232335497e2 0.119318006242151677505919500522e2
0.111196828498713341940649798798e2 0.115719289618115419913175605910e2
0.156891073313992877571251120295e2 -0.970120451711028817241430375234e1
0.489674967428319503208197579373e-4 0.609520652477753829796881310533e-4
-0.291791244754595138278289429030e-1 0.392809466125922400659168043961e-1

0.228766987160263835290894316572e1 0.113155296316533744056878530239e1
0.404734693055181297209866720940e0 0.129747661904878357288379835503e1
0.134035815989894505319674099367e2 0.126162559272806551194528060118e1
-0.403547734376577165557817950542e0 0.308630168723999041499489937860e1
0.257096640285020524612680497495e0 0.330688785442223721169068467469e1
-0.908857285681408807328040187661e0 -0.295005102998847264449045195240e1
0.679807740391327213789350433066e0 0.190682042574709461288872852963e1
0.401321342151937503946464000997e1 -0.351906972294909788003906393596e0
0.535513597881923002490457133017e0 -0.681015609994132012907565891093e0
0.482827433014636835020602302644e1 0.955679569922931675480989481556e0
-0.193104498113674835594892415826e-3 0.498956929083503672621577566512e-4
-0.292317159554823131473743474851e-1 -0.418668773574504855493383897076e-2

0.593893889430556844273344660081e1 0.553788163435367659265721855440e1
-0.461437214600742158109836042087e1 0.101861462304239935877899282124e0
-0.124358404747759911059017417806e1 -0.279507210980685309458459217217e1
0.807764240284972378689476981418e1 -0.461383053519983625536506058518e1
0.855369607441788756889893512860e0 0.297840039823001990828837624681e1
0.238190421830086808593775756424e1 -0.103815193352845156735582629224e1
0.835508880740721991812207426633e1 -0.439813496624027005838121397975e1
0.864707320998187455449574853706e1 0.715662555869877567955152673568e1
0.681387715233900622420218347239e1 0.292340667657581091915538538357e1
0.114264304239068058656401147576e1 0.259536200645598546889208264706e1
-0.877156945747111934232039965927e-4 0.221540273590914281948572876522e-3
-0.853253252132547048705682010798e-1 -0.468927238822694793812256046004e-1

0.128344574944416729597255627074e2 0.952799043542229307917918181805e1
-0.728827842022667363637838956757e1 0.560310867333187676263391248318e1
0.357828401151315874936524600215e1 0.315621905755172249316223054682e1
0.310885951072798867952095058837e1 -0.694352189191605828716339629810e-1
-0.278598255041620280133517220143e1 -0.655777671575407301745708413675e1
0.949576642884501460451111677349e1 -0.614663098542524368204498497636e1
0.112459330950337101177107485017e2 -0.626420605398256972272537853188e1
0.119051979368042974809128070314e2 0.946277213980181816245242657913e1
-0.391404269405585335786011017175e1 0.506653824780407163171806604399e1
-0.162175371004720849895376215906e1 -0.441829484340428401877353487057e1
0.240137470972153515938483742449e-3 -0.214603679402119993616763403854e-4
-0.149576808628705258345189735357e0 -0.260461177515962968955526084632e-1

0.448986936320440205102726831242e1 0.379068110908067637819312073120e1
0.107314223316716048457559716305e2 0.114641586860133497259054213511e0
-0.332666063360684745311969163910e0 -0.419894691995161222549581318850e0
-0.174482226930848388012468812533e0 0.197653675179709697451855240227e1
0.275640752399375672453618481678e1 -0.201631741691488528728501143536e1
-0.396627169754012576991023422576e1 -0.227399205572280958654479828715e1
0.632727482482281573168316916066e1 0.730665470637294500661273905169e1
0.763716773355853565193216416750e1 0.169805527430164384410540638647e1
-0.152076166177590254233850694744e1 -0.172797352370661469356445110776e1
0.571755817350602812781123455595e0 0.195232963244780440568474577062e1
-0.165224747639723163115288471269e-4 0.155533660428473739688022975729e-3
-0.770343898040840787787935240600e-1 -0.313839417006099673364288058359e-1

-0.972611272405057188590357722370e1 -0.411179700381715791717305698915e2
-0.409458356463544301523483816040e2 0.153300364935711158546673304576e2
0.258254545811538943455977474478e1 -0.180168825843888333280024973998e2
-0.158213413909443638535316343653e2 0.401265886939439575283849581900e1
0.466498276648591075686416983785e2 0.235066557749119256328265768538e2
0.234014574919239142339476315830e2 -0.457492070971411915368988315061e2
0.474391062217966137392635813195e1 -0.122351748508419950280057234541e2
-0.109857899788559056503338691051e2 0.748355429377194934069667020459e-1
-0.194358483542996441135250575516e2 0.442587355466519496745241177320e2
0.468603358124578135074690651589e2 0.207368747645217344536269343497e2
-0.366344644214305989110147789426e-4 -0.201624990875418986846566211485e-3
0.608640666361797249815227966513e-1 0.258402108072446392664866047393e0

0.393883116144601807063798957638e0 -0.127698178098331329455335663257e1
-0.214208411417599290608982798737e0 0.228067573462530179403966279526e0
0.114931274443236370794269791898e2 -0.155635191305049098557160121185e1
0.127528951099725418742918939846e1 0.230984110744777532204578089710e1
0.113590267187667064426782775033e1 0.350299630180841636177240561781e1
0.362961474864707713702421128233e1 0.130724080448270082089571301717e0
-0.331895682135477438026199398515e0 0.241907066263191282855739019436e1
0.289544669141403753611375947487e1 -0.221285905239254016509786388653e1
0.496910755789158226768660561551e1 0.341517316047353796103631606784e1
0.522694951987423910586215547233e0 0.156146139684115148125526300034e1
-0.209763854861654783307323475618e-3 -0.931367335957541678914076995887e-4
0.156397994032439689676411559369e-1 0.174335785430226487205677570528e-1

0.107078443888332459391685257300e2 0.118956732067077785933694272846e2
-0.865743334003141325735302544736e1 0.584639031329400454069060606455e1
-0.148817564226236673684599201412e2 -0.158191128044203037774856514399e2
0.202555427498416271240415168522e2 -0.186827452691244187129127016945e2
0.161992262720951867453765453698e2 0.300171999102999432321793370432e2
-0.272819459992778792015406405185e2 0.119782308832627304429301877626e2
0.219080085293838016441071878553e2 -0.269850603034232993664659234727e2
0.313633442587523869270795284475e2 0.207486701715864151500029673309e2
-0.840911221342854586588797426415e1 -0.362257171888953505240794057732e1
0.823941383852184052230127301988e1 -0.966114881532791656688687463320e1
-0.171567817575313856403173991876e-3 0.250792111057016522191070683100e-3
-0.198666302446665118932882729453e0 -0.177919999456159585651815481553e0

0.133765798390299893425408887225e2 0.914791697118177941351338027143e1
-0.610785975970095671807862153572e1 0.100710069987715552900822717260e2
0.901900518207972129430914161069e1 -0.295716764197195115600506291445e2
0.341265042397293413200848413659e2 0.587748926626807606860914848254e1
-0.264957857459099500982660174929e2 0.319907976523851467573317892132e2
-0.293836203830298082764725582817e2 -0.296958601904225757756487488831e2
0.378668219058030266191791003199e2 -0.110669213544602390440608106324e2
0.153046133458233205191897693112e2 0.369831256560146281814408252822e2
-0.683693915207982335367471942115e0 0.800356979051323943861970818312e0
0.382332907418277936220649809991e1 -0.537143602030641350838463617158e1
-0.211064747868445292122990176826e-3 -0.124919459423479971983109672897e-3
-0.123474934384828055553548138770e-1 -0.192869649402997964745857722732e0

0.688665299126849097307091741627e1 0.525899091456582823628948709571e1
-0.167907201375456955767443977632e1 0.200414174673450717964149696672e1
-0.667727132460567555775899044105e1 -0.319630021732874195886936093149e1
0.923064027314194594032568189278e1 -0.850822796254266952164704268062e1
0.167286701027344401151852846041e1 0.518105343858057810248235561114e1
-0.406962930344918887242059046707e1 -0.295748199590617164988160235003e1
0.569300451804192582491680318742e1 -0.830243999029721349385451805643e1
0.136006555672711883932390893595e2 0.479032026064090754762780592448e1
0.118412862726156522109068012250e2 0.302055218615484745042500154039e1
0.134905283116031210560316952116e1 0.856252222414479582908429664246e1
0.297196069131794013609061723269e-3 -0.207419943939307011580592179633e-3
-0.163911342609443322557460723879e0 -0.438010869461461885370868507226e-1

0.181874272846108701331094046403e2 0.912423541703080761902892049448e1
-0.566902708587177129664512234653e1 0.127604949812339522321347137858e2
-0.113944393105524955108243357156e1 0.111355283635379432645802935603e1
0.366036697794078914849381086537e1 -0.383451960678260975264083840079e1
-0.764991296812807435390477024017e1 -0.364823215652411698651351993113e0
0.265745092216890577223480468117e1 -0.104873715866875268531696615308e2
0.448853829855685501177984239183e1 -0.400272764550816617946575145748e1
0.841005692134038525074959293883e1 0.351298903200190804140437872153e1
0.645322544258142608778483279807e1 -0.540121002541944244771465928050e1
0.105740751013505448019106372997e2 0.314703766881018214689034742866e1
0.835914966917555663791985132959e-4 0.140723968976749869762016835932e-3
-0.107338857697502944441337812904e0 -0.621363226253084475416327658813e-1

0.984108292282489139437618864576e1 -0.593555248566999547555997265766e0
0.577623139275827342283128457770e1 0.397936664374113938037562337383e1
-0.235853733156050293845199967483e1 0.270251650912510675661291758910e1
0.654847332905009788390167437124e-1 -0.306188840972604378978512299392e1
0.908930120462464271902200703207e1 -0.615998752457892944496802671372e0
0.619058564794837605946865477372e1 0.332936474533907174743425910560e1
-0.114745638425920851600467747083e1 0.153642721818423400546413782143e1
0.357801405156803668384341632488e0 -0.135966560406231134500477814672e1
-0.158931967487431677376873430794e1 0.582920063657313594206485623774e0
0.489635762168531644379652427664e1 -0.264596390628552838201162823723e1
-0.693096754683831461799342181940e-3 -0.275296392833521221800397725508e-2
-0.220066127011454794497428156036e0 -0.427210685323018669628872189662e-1

-0.380720294210465679790030477435e1 0.368000176141628841654287370553e1
-0.216611666084098783316445170040e1 -0.208088781920722072475525160870e1
0.784804647485420778678348922905e1 0.135543781674273579447923946379e1
0.260682021804326809910389518136e1 0.359556951688340366012194930077e1
0.332104145334965912372011769347e1 0.136238851837390583884618382455e1
0.490322806358449559670017943039e0 -0.143343099289866244564925940771e1
0.784890865628445907289501986302e1 0.142617730877322291901404697990e1
0.241349081508749164938513290723e1 0.409516904863648942776445845206e1
0.293355523056415266711110507993e1 0.783515973253254600389426756769e0
0.457953804183910159923649267590e1 -0.138257833196856359411518841354e1
0.275310939949079231884711096718e-3 0.835709975191962652847548591479e-3
-0.594588428708956265651167450026e-1 0.246506191105173604607159890783e-1

0.285360614993908605516859556685e2 0.110158061482158244050864737395e2
-0.707288461562931039055110976893e1 0.240953837270647747635624545953e2
-0.579188807780705796541055467489e0 -0.109026258325442597863249383832e2
0.158790781867906911354792299925e2 -0.370880186499526260798304256572e1
-0.360312345487546030694083132064e1 0.982296137697758163667487519823e1
-0.830211703249098857484688030402e1 -0.700619979177744226685367372569e1
0.210719238943915374454968531313e2 -0.296485295871517034462469761826e2
0.347315099879551595475271740745e2 0.195836584644040294006780299890e2
-0.190605614366913494631992207500e2 0.145097869187169698146944908263e2
-0.104122726121597246321735520897e2 -0.217148224719823896745308923840e2
-0.207063767661697785465108625032e-3 0.271996571147999724091873305397e-3
-0.199549798330906817967677526644e0 -0.139064704249426972837513298709e0

0.157960382965420470476203453949e0 0.187990674766966001631210885014e1
0.259191148000828627820269651658e1 -0.540548891805347043695065511520e0
0.113259522542022653095554879023e2 0.282217639587149007230683427366e1
-0.441287049268586341303891270532e0 0.292881180781889721920067591442e1
0.338899883976704877366315566318e1 0.906415431409862627852738927942e0
-0.220549197823615378976765442859e0 -0.217340566244336623859977855426e1
0.102354766718161391063339137831e1 0.292978603473268329114346083564e1
0.206960869094334921226826558568e1 0.109280567272214019294215169725e1
-0.161663145338093634360411394171e-2 -0.717713037794819642302291155466e0
0.406851257212564439531912322495e1 0.266006609621720618947202553298e0
-0.150477629811446077507884125602e-3 -0.543074450683932107139644258877e-4
-0.147870905344651056717601759136e-1 -0.155940625156207668568998684823e-1

0.106308844384838428075213023590e3 -0.220686999953911878617429273485e2
-0.210685836124977425969189855826e2 -0.103005995414039030592089356162e3
0.106544100960249154469613891911e3 0.541801234277060538345413904131e2
0.559696013676367801471598784550e2 -0.103238841464114595524040952014e3
0.103205744922299206353793617530e3 -0.399026933854621795932885393364e2
-0.396538486615307589375411300099e2 -0.998175563681934612265597512506e2
-0.166652351073181517517017648199e3 -0.989061626065299530261928017660e2
-0.988196761690264955976674943864e2 0.173667033932751788189766216011e3
-0.831000488515884937231700578755e2 0.117899183413509825952570778231e3
0.121273825021597148555150003744e3 0.842513381537771106682217568440e2
0.160479484877861772391919500406e-3 0.233799054910838605243435207890e-3
-0.583868200578625629116224722584e-1 0.782762472149848703399530236046e0

0.496747618745532543734356571855e1 -0.576631653931163998985076637618e0
0.716636507503280391563812911001e1 0.132111999199855121347585923413e1
-0.565663816670787524660781946398e1 0.741627835101956558097861558021e0
0.271870209235857135040932160205e1 -0.182780105136873992571154495288e1
0.494796873316034441614170299791e1 0.760016369237194719741614990691e0
0.663293181800590191419842715482e1 0.631193978072127910102551647616e0
0.586072577995150233135845384571e1 0.400117587977769237890208076898e1
0.176720825713186428017775908241e1 0.858647160194696517214225870516e0
0.342360410153538108273345270100e1 -0.760515880170264579781309268978e-1
-0.116152039918244274263460319491e1 -0.230432909199540118959841601866e-1
-0.620327953810532391672413472051e-3 -0.180921382711858575044874821171e-2
-0.210716617393401521440788049388e0 -0.871184902301368995060952507678e-2

-0.499477477196521457734523683687e1 0.756764763178654140445615454829e1
-0.572933592724926039200644061145e1 -0.606028247497707872459691591851e1
0.833481938114065801291775332483e1 0.885375475926325390986040094460e0
0.339546670442209659749027660403e1 0.370124108379621595787215227133e1
0.309609090931199553851003198500e1 -0.414336080923672587782713701038e1
0.690477788437543345771920194920e1 0.100615913658229186419165325238e0
0.843227469678578693408513797403e1 0.933482780896366108843497025091e0
0.317487263035442537018479388695e1 0.411478125758298660877242161803e1
0.491314418191263308384093877931e1 0.514704062231603173147921499406e1
-0.619791364507525756680861276261e0 0.232537645557109666407117317227e1
-0.481886168905624637425616242182e-3 -0.101441243214351170946409746070e-2
-0.394494349727693844106855566349e-1 0.210348270109404091073851888887e-1

0.429711140752239415563380260890e1 0.659491003801702194634762589156e0
0.591925775021412445131176536418e1 -0.120760902654094183942062828483e1
-0.655607488480688052997999624084e1 0.109616505892249972306346895584e1
0.332419879023026455912942220789e1 -0.303388925459493341873008870138e1
0.569182096530555246896890978122e1 0.177639763253810572909938630873e1
0.327173575615276197649828554258e0 -0.114785529438817503229362964356e1
0.665353885872472203207106808867e1 0.655497463038624385575569437837e1
-0.139406379889007122354936260948e1 0.540927813511847046613801517189e1
0.400087062192294560379432540659e1 -0.459686042312981543574450015393e1
0.902094885867373543576821544237e1 0.939387875935306199110041135251e0
-0.122383933116355557844712917882e-3 -0.112953298317874852768416073350e-3
-0.138412127106634829575061715684e0 0.249165912239985198557166609352e-1

0.102550656224428583616627968379e2 0.252009136403117388548458328329e1
-0.115939709141833652777029646333e1 0.203005293672167510511543913354e1
0.579912147167273035822387598331e-1 -0.732316211047358347241606807668e0
0.589184951063824534535992020403e1 -0.267337667211584847889573429893e1
-0.939672112295801521835940253414e0 0.212201233678586384525728076848e1
0.100622711836962911455097781540e1 -0.503640493887027051612765139186e0
0.589184409839752103519570998101e1 -0.109977867486787193390452997351e1
0.526302174613507094070756387866e1 0.501394615477141045513305471200e1
0.378026898830190834698540210540e1 0.148421173406555967489540806381e1
0.575727909393072064580874320553e1 -0.121776130514975661236832880091e1
-0.638393379783224420326954455629e-4 0.137491975278087873196337010233e-3
-0.925312404740724518274479261335e-1 -0.319189341182311076118793330303e-1

0.420786764137942241778654594716e2 -0.526352864806546621086494390542e2
-0.507750592936346257885434071857e2 -0.373411882774248427372689318736e2
0.333321611109171063991988391931e2 -0.139254972174885633824543237094e2
-0.106007890378550632616494849020e2 -0.289135115080447605439306231212e2
0.203197764520035046806573095034e1 0.574229969902011554764790868158e2
0.573565627714092654624895878241e2 -0.202204397088256197807345008637e1
0.240113399672847661413844695180e1 -0.904467066955371862584425333356e0
-0.230614573386319329443598858929e1 0.639525107171172297028034328312e1
-0.416021399156771130307116387447e2 0.136597371514782261308150369459e2
0.168230869470508082887989110861e2 0.423057670811404283252347070426e2
0.377711184598188956843705550847e-4 -0.265822247511350329397197686293e-4
-0.943971394568927091888024718373e-1 0.286725482274678653421622584401e0

0.523787513579372651012277134253e1 0.345338467197886221116591687555e0
0.335487843142380980268663690897e1 0.332188763273032194485259947821e0
-0.664615320129215916015984767215e1 0.939650212328760085022593608471e0
0.185354170019197286644435589408e1 -0.437216401333776458757701247375e1
0.600197392332301205020177321515e1 0.105286647575291219829017308949e1
0.188579217046886616851848861369e1 0.852131787081040743357065330123e0
0.540364430660814147111514200317e1 0.430264704119016915779616212319e1
0.316030485944656354327998507042e1 0.338520593934540851341813305174e1
0.456448450426293760614351111794e1 -0.229200225017397978847430594204e1
0.696291739675683577092129784400e1 0.643420438401545418550661637511e0
0.229032112473787167251743149562e-3 -0.356099650250026885140254153638e-3
-0.164711818215917103884940848151e0 0.534155953530222734810154759323e-2

-0.618058287686786901284510795986e1 0.895193063753893014476382767677e0
0.391009791206499296502067900293e1 0.499170919881207307801904571631e1
0.316171952637893608632230485519e1 0.759387579558116435856021091928e0
-0.190260116702346043661198885441e1 0.477343953026159609155435282628e1
0.182445390863138797616197269446e1 -0.239282204294411125188317926330e1
-0.395229788315375750132250994085e1 -0.260581015852814176825917536880e1
0.636386895927162375107804958403e1 0.773078817738811633050137743372e1
0.767148321661245759128276773304e1 0.182136218252988097017581292693e1
0.816405001924634947416622950149e1 -0.914131827349425976348072429421e0
0.294847852169818268565438160329e1 -0.635828568625375795141759523090e1
-0.654242112616663845252509398138e-4 0.955174944607997136156027644866e-4
-0.331071974884165538752173051818e-1 -0.356460473188018256489423960224e-1

0.301378154396253911126238966554e3 -0.289549349540044310487885148529e3
0.292242934630920797447269147410e3 0.297023244699302985121480909872e3
0.355259201260811317394897685864e3 -0.106401589778252012398663845145e3
0.108791325514910364303757520871e3 0.350815048839998319668416428406e3
-0.525532118813880453708044420508e3 -0.764061711405485327117518683220e2
0.788243323950233795988615201359e2 -0.529017332561438613869277242729e3
-0.179937579472962478867552137295e1 -0.427561979597471832333313572342e2
0.499284962284884033250448178293e2 -0.130548012635370290682894140277e1
-0.116617802230737408747044064895e3 0.507051842243076778772422371567e3
-0.503059651806209304524504894788e3 -0.119593746930062407681224040199e3
0.722297332609195347345426980291e-5 0.487838793461612303216361417068e-5
-0.104761259829547877886654973423e-1 0.948896014712852881167674503480e0

-0.516420836436503019161668084449e0 0.277938734535713286752717505236e1
-0.841583718173173864975198234030e0 -0.482820282764338414135638203125e0
0.107954153132141368812344685183e2 0.268643064063596304217547348641e1
-0.447087099485492153752884229419e0 0.218262971859498355341043517581e1
0.297266131659128745228171383412e1 0.722218701572337792373887133441e0
-0.163342932905391747302441916942e1 -0.162967557275140797196284114506e1
0.140953931186536822564137975380e1 0.262621017274813416263708878400e1
0.294114560191342653812050397310e1 0.169720767297171689615861007929e1
0.242583494638742431505252782191e1 -0.125248297132400360864445071863e1
0.774378175003998280009581854733e1 0.110826058462720437433365480356e0
-0.442048267062738023696357894602e-3 0.100563518250137477460896837561e-4
-0.385609032777737047550450898583e-1 -0.865430584206665071558312478340e-2

-0.143205184957105074165231078594e1 -0.180962960701242142351231479289e1
-0.284140674408145515475986892813e1 0.269873692764319295395529363365e1
0.933203353066757365051550241610e1 -0.176947385232954171026767946417e1
-0.567159476034710431587383060806e0 0.250867845071879637189551108065e1
-0.134399110429934348711196783980e1 0.164315384212969815618097657987e1
-0.166209727183480105142996598396e1 -0.167960263837953982158420603590e1
0.405018163730999320511455220519e1 0.621920516395072199776366270402e1
0.723849622684184090096460486575e1 0.368735418710321319421663638893e1
0.694574087580865376901825085903e1 0.128736148217483741821392862716e1
0.564341205977130926634579066406e1 -0.511494099949904683592046397289e1
0.106655890075645285792340416293e-3 0.178539467217370851552644573925e-3
-0.530889828516226276783227366329e-1 0.113546166256970848557088888962e-1

-0.644231481911239012851480078851e0 0.534241774698396945244982127261e0
0.932443887671241242447772192185e0 -0.418107779613010253747806706963e0
0.101844279623384686802068415646e2 0.421061877669455189767998618117e0
0.296166149366135395659874683906e1 0.185862222048620902437872722211e0
0.176257990704823216636401768788e1 0.323267104549914148878312479589e1
-0.124300023935475792104409279440e1 -0.109330345862912715406676783897e1
0.154159881358456771109740685281e1 0.293624940869336342100300762845e1
0.247653171940346753669191880280e1 0.577811942234423407750377854951e1
0.477976369956754666804162194136e1 -0.801173737880829255903564318043e0
0.338253691456543302370124699911e1 -0.281610891026897062363452152727e1
0.169611479678363028161480541676e-3 0.595186646698968267390365446703e-4
-0.129077937923648254638801408885e-1 0.342025323907952965236674768152e-1

-0.860047999487483749397997573416e0 0.151809609985062524325185067515e1
-0.120685265680542806215838745184e1 -0.223618725353091297476140530537e1
0.104981357279573908010262128039e2 0.970689104121345295028213430257e0
0.653517127905595097590346174419e0 0.110591671003544009286159329177e1
0.302542565936897258710185430298e1 -0.286354474310678760506561238646e0
0.276759144751399738833193523167e1 -0.292659901354153987798813201902e0
0.187820564747862334643821882496e1 0.345614047164304292468043746083e1
0.342697619336732974193609359208e1 0.387277138052285557881007812289e1
0.304218139334946586872834628690e1 0.185145409620739861496947544066e1
0.221741063332350743203802073541e1 -0.662709756283423115226327199083e0
-0.532181047462900046033049456399e-4 -0.969798245766924164031965994651e-4
0.409610905994508417124655122126e-2 0.381790858810536952419447170158e-2

0.573236262135622419550368138912e1 0.123148472761569101762714988367e1
0.883610406604313214234111768869e1 0.168228148850642265953967853785e1
-0.119381814320342079694207705395e1 -0.183691308471668502792615925246e0
0.101685020319951806410556419858e0 0.280448148696121199510737294994e1
0.247606016331056890740719859464e1 -0.189431995496632504753562371425e1
-0.353135473508000481221095073273e1 -0.140212947047635788453232557192e1
0.707423376671050758170986856468e1 0.638704756238208162856532974088e1
0.661712103439308043916720119332e1 0.133635625608117062831951170076e1
-0.155883979866816781224451877554e1 0.954138968325887460460884937023e0
0.347655384090865380712115348527e1 -0.180136806797083422511195749324e1
-0.561427254508671209256996007496e-4 0.843493485826516380504858935760e-4
-0.784549041071076632932688725131e-1 -0.233840361392827387756054656264e-1

0.349536831858267304549016955656e1 0.350159454769981843504291021727e0
0.586608210226198647924349258963e1 -0.166197860978213924076700133522e1
0.417690550497687851229514888280e0 -0.557880910453627603817784726149e1
-0.633705339048651159861083357307e1 -0.166669905433575064429647887101e0
0.671180763219886560910044600728e1 0.997794863742755941525362207542e0
0.833296962466851431282256007536e0 -0.105732749269678487925239256735e1
0.676415824564368087858962786757e1 0.123460155980136233830445963041e2
0.121398674004087686983534929203e2 0.588260201252835394818977137501e0
-0.614103453273934288430745953776e1 -0.222878886874197889698991762315e1
0.493010339993033240752899026097e0 0.601942009699180620965278035045e1
-0.111925224210636848018898869807e-3 0.128377556334865542794895026408e-3
-0.558872327218235687394511343555e-1 -0.646222866615547334361083306706e-1

0.123773234944602498083204507839e2 0.658318212112316462674036000652e0
0.265282842950560622554443256231e1 0.270207140848210972188449858839e1
0.831555452816182061717442655588e0 0.573282533647722428404145671318e0
0.293191827814030892250383059458e1 -0.815800071326170416385681761506e0
-0.105404077729342593933212340121e1 0.714695060027364194870469490800e0
0.331648097004610326770315768398e1 -0.234596492571073287775694337067e1
0.632349199141361761094413972863e1 0.347505988117588750522948825557e1
0.272285833295475641908582426187e1 0.559566777899227218006435273665e1
-0.176576527105329571798715957744e1 -0.643702059544937137617205302742e0
0.555038436279922534767853153604e1 -0.341082083803017459521520948494e1
0.532097592831044299657361765248e-4 -0.683560714386042124672062590342e-4
-0.125710968666486332223116417936e0 -0.172406365925072583918594283810e-1

0.623338265522931137707861702892e1 0.112238019747027901214058243627e1
0.723721926158238599223204527919e1 -0.140560541719972963556236083137e1
0.756866388779997487130076877098e1 -0.406822231875353592106015179431e1
-0.486597487990292462388256748216e1 -0.197825706969955125554153834759e1
-0.869699722873920056570767901216e0 0.160527348010912988120667777173e1
0.834030194472377308702286810083e-1 -0.409890833563441637789732662183e1
0.324906562683114222219596157749e1 0.129934918808813859392110112249e2
0.131245190132477438865597369445e2 0.516862429275988987585052659497e1
-0.378601061308968029274979799430e1 -0.630771815141434781001487346884e1
-0.398196374159216774535971574684e1 0.554200892402843168889933933453e1
0.811366282690499728517516529623e-4 0.195840287766418720065476566136e-4
-0.344456640753271449317220392320e-1 0.596593208566535896955211252507e-2

-0.305607627659969229847820747181e1 0.366301140401077735512356123090e1
0.107910250871994160401518828382e2 0.163671658096831347401050651882e1
0.453124229978739395021471423242e-1 0.132665588404955920186549817131e1
-0.389146553354526639102268107211e-1 0.967650382992024170000016440161e0
0.978101709342966161797455240776e1 0.180392596131644552177694706084e1
0.217090840807522444801831310522e1 -0.829990965817773730615334592425e1
0.680029966293377931440164075729e1 0.573585571299817255686334886051e1
0.951444137581513895428141193421e0 0.544345626004090667996359669588e1
-0.232211386164609338072198924508e1 -0.634966265970426466382331095133e1
-0.207878052170432709213086493028e1 0.298633888734018396953307109505e1
0.138342823091552734636211797125e-3 0.910030460622582635911636262605e-5
-0.507143561669477498590553461835e-1 0.346385936012949440677461479635e-1

0.103536428672455377943624861671e2 -0.248070076609893401830220960677e1
0.270930877760477056234816340050e1 0.757987785571199124486149200202e0
-0.285841017587632973479223432261e0 -0.291480644814598943818765359605e1
0.588760727722244041721552021950e1 -0.695198694241743376570093886860e0
-0.237610231005112491141275800408e1 0.251214360519423867965125545090e1
0.313867499334543451269740275348e1 0.291491161885485253932619001152e1
0.397705882272335404969457363754e1 0.624162087248733503370850065437e1
-0.133078861119247883869233699108e1 0.235207509242199637445236409186e1
0.586138623472149853747691933745e1 0.153549974969990511289913403533e1
0.680391842906479246087810873968e1 -0.359737980977756363115736826455e1
0.891431848081548730608363949372e-4 0.752773216626604349207681626246e-4
-0.822134883162827591648051642159e-1 -0.991022820745693320725361361771e-2

0.463806769402065555259649725055e0 0.124012358143653156312879464296e1
-0.857974014281574419354041481417e0 -0.118590526412050294310753374407e1
0.116680355235070449480550452388e2 0.104015071903190695882785866442e1
0.104348485828764716286110924030e0 0.114235963121102559089538404749e1
0.216208794925322771737737560419e1 0.109471145555174346382705057233e1
0.174792707810612428852301925147e1 -0.128571739077000705184744225680e1
0.190721190851683713859178761509e1 0.359703400098777552469242578832e1
0.385222744205418462864380291247e1 0.428639601125642200826214258480e1
0.128504418103854643536827120000e1 0.139527736827162020039715110921e0
0.302637536297378238749898666153e1 -0.122163614262253243958151046935e1
-0.519398374905962011923554784042e-4 0.159887536733709476902336238411e-4
-0.465648114961806254991242917344e-2 0.482083409792612207134750186221e-2

-0.150032915715018137346361447677e1 0.224641918983826913044067142574e1
-0.131999500565513440466573388529e1 0.643317467686311673368461805540e0
0.952907927227625188544328194083e1 0.207483925231709755944097199449e1
-0.518017226345570631926769328983e-1 0.213553890944406977127110223150e1
0.383951406377902025207012274143e1 -0.893892939668512824228487968985e0
0.297191542442284826344336034230e1 0.165074115850401567478033792927e1
0.792034383968785622332724714643e0 0.259845115832044785617578126429e1
0.251546618334781921566975942293e1 0.336547941456913304518606651003e0
0.452759775023094473862080711060e1 0.971387008328801541694789441149e0
0.377059386417325061605335471059e1 -0.278205055118588609515004950996e1
-0.285592683422507121430757006690e-3 -0.167230750170793969800929712859e-3
0.689611411782933800514740715937e-2 0.162003741623733588539828263314e-1

0.420039436076142232225864551066e1 0.291834776812933818519278510131e2
-0.271697576791210933302765666627e2 -0.398602656640457397007052918009e0
0.188929370474249724731817170240e1 -0.462069885157969180959361098579e1
0.837194861578825226256654344491e1 -0.259672038101353766071666824923e1
0.376155378784844769204607221394e1 0.881396567957751646336892461270e1
-0.430443789613096366986607198904e1 0.144166026123737834194031726671e1
0.338732884560379597792222291773e2 0.114100800037592005227790287300e1
0.346401290256417427873690888427e1 0.323566702147246768780854784873e2
-0.140081218444932465413911714013e2 -0.278226880268983811179328092365e2
0.318101926636347362604866315485e2 -0.166554391856411882772310598127e2
-0.125942418576653832653679086527e-3 -0.129115082319723507387642260209e-3
-0.194515610842990106725430024671e-1 -0.159426308283532157440708816513e0

-0.960028195594705737584752784587e2 0.642065828317808691221125155397e2
-0.601399031246752235903764923338e2 -0.984970433627295358861151737133e2
-0.173970860887602608664107816172e2 0.121206786276523590368095781165e3
-0.117507787544121974447442679061e3 -0.203951080186595474824545040312e2
0.149190511546661623578216853125e3 -0.875742559969209943415491944201e2
0.902936233445751042290723781394e2 0.146192648674595073537869305439e3
-0.137447108132475265668159420405e2 0.118001967546071893438437163033e3
-0.114293745395091518483011276414e3 -0.169147558649037446662786368503e2
-0.375461942427757330973724238492e2 -0.159924453794032479213605454521e3
0.164505366752177770723995175916e3 -0.403086178268682840864262781385e2
-0.713801898673656086589133539851e-3 -0.247768988747099507257351958583e-3
-0.150288119626869407238702094076e0 0.207409207279846804761523298487e0

0.885826348222590457396018126153e1 -0.241855107356731613735616344641e1
0.836540037336292800326924131144e1 0.313722331941543804003256277693e1
0.562085626879946773183170219805e-1 -0.156882285200347457872268636119e1
0.162181205327629728064063922584e1 0.202811728893489885631067811360e1
0.600939523040083026826341218351e1 -0.341910207096536093669807024831e0
0.885327797640926079919591117397e1 0.107883349748014992090858902200e1
0.369966400721161319324261389000e1 0.844106682190691615881269481855e1
-0.490242999802827656756492387943e1 0.252516758126042808431986428522e1
-0.494696475260088206075055525894e1 0.108917747624432138805154317284e1
0.243752939819218868095077923833e1 -0.700749765713881723933529457746e1
-0.227304476018133479551542887766e-3 -0.265309992184068760763742171399e-3
-0.212993172894388467880493977106e0 -0.194138347686243041138980439230e-1

0.495072843654064918708151306470e1 0.638663067630853928808588321154e1
0.101509525791535202521620256365e2 -0.204118076777560100057430472826e0
0.204422378775919996824239785686e1 0.431467050785206511209899323921e1
-0.672854957306494399445742402177e0 0.352263015682101072810541944213e0
0.842880965345884711650608512409e1 -0.330427040683157812323899876844e1
-0.538598603709037425296656283021e1 -0.649454525144020312492235205578e1
0.192271463253134640410721561299e1 -0.236263983199251257001093348281e0
0.689489996617498460207595605094e1 0.184729291251460310394833871169e1
-0.525897611038428469698703514173e1 0.652917368129794812781957800383e-1
0.297535978070252841286794763745e1 0.692020798802561222649669752968e1
-0.106561123271856404401039574367e-3 0.704672698258009367406433651360e-4
-0.327898181920638635376786604600e-1 -0.391358588686786714697096334895e-1

-0.100343674989302025265917594737e1 0.144632174886122798949546623313e1
-0.224327889402037137987097436059e1 -0.152280247877073505327411835241e1
0.995282074631753072914998912853e1 0.115206605449129574869434134996e1
-0.296570905095654884492746039430e0 0.133296523023564293230295149149e0
0.361570992614728498772890400725e1 0.146773238885060107011620254993e1
0.232343773991319936801805750381e0 -0.987097163008110501149583506144e0
0.202136070089949595998436284692e1 0.380721439979860793263486658524e1
0.387623516569789204765690311622e1 0.446898951673228769898532981634e1
0.295057930365724822118421114341e1 -0.989192257191473314114786938063e0
0.624707959884185718301545541849e1 -0.473818482925177585131210103645e0
-0.181176235783339507486835871193e-3 0.151384351902058055046762784455e-3
-0.172982546748125841679551202561e-1 0.135488629789212535797948081088e-2

0.882512364742346873027549197076e1 0.692353184601710731059518098154e1
-0.479746986982788541811315086151e1 0.309565365296969148492214884458e0
-0.124026757931605414372340023853e1 0.548828844914259180533339306507e1
0.583544409610302995314324289651e0 -0.237511182471503399061918003054e1
0.366178827254304766608138227768e1 -0.370666833506317710571680415154e1
0.731371539595435052567138268302e1 -0.226700378925492564015467637985e0
0.117119698070856487616159303352e2 0.213276161553870146756499836260e1
0.347663543602417608561158212361e1 0.109173858669428875354431776395e2
-0.482007012223277551248549262868e1 -0.466093311131132336944267403655e1
0.919208639459342962331085091030e1 -0.675691011909846714257106948136e1
0.877072187064165132912687435851e-4 -0.358888718104452927614057468748e-4
-0.119314162028780261570910406251e0 -0.425854483337979367551706438048e-1

0.720528803838117686101768304547e1 -0.438482734390182903803617699303e2
-0.434791584785316736575203556711e2 -0.260000100383921196921707329179e1
0.142860378239970237155092627805e2 -0.101754896691733854736633633551e2
-0.812111915969108440073019642242e1 -0.934326395203020598767459313913e1
0.383391512125130824665692493708e2 0.173907150142274380810353126555e2
0.177172061484780218560173933336e2 -0.380684020718803664906990337444e2
-0.968225052161596860825465507621e1 -0.146344506385801238618687112101e2
-0.138543116415705622490383459253e2 0.177777309533008667324119169657e2
-0.187056403238724735649282871049e2 0.502087706715934937398640129304e2
0.530381065216808062807348506476e2 0.195988213317887123909741107861e2
0.124055323132546980612985400807e-3 0.300789689440466838663053726199e-4
-0.136963515632200259315466406587e-1 0.297103556336740077983883192164e0

0.103971425401381389705851204074e2 0.144618075775204533686074509008e1
0.125603867086643497060624902919e1 0.364078719529676789622272259913e1
-0.451394534773362736486380130740e0 0.658478564910479961160351874773e0
0.453220374531396463009711448437e1 0.103242765026625609701713349110e1
-0.372087723916117055679345307253e-1 -0.320351321099692509869068764582e0
0.435651426125370578839210002448e1 -0.183201086130307134834739970628e1
0.520225084121076083163009200639e1 0.561647335628092563975963131694e0
0.694714010153783935752231929837e-2 0.889214350020287141093846302950e0
0.243881492546220445031626579804e1 0.284710870898617998045833725360e1
0.685863908198808455593985612116e1 -0.143347490913980820137322846211e1
0.138733848173715149631134433059e-3 0.123497606357518400177303184148e-3
-0.944653428235629529432582595524e-1 -0.137132091022816708153545430968e-2

-0.151272873419593264509966429767e1 0.496738414649662346839206911649e1
-0.510576267203355382646224705265e1 -0.203124333463685054965794386423e1
0.974163654666583923467222814740e1 0.744671398355329979640211355579e0
0.224251945927043740245560202431e1 0.443611201380298928378363686447e1
0.192499304191952974806902713638e1 0.241953018278571282485183841225e1
0.219757931550811581876808844146e1 -0.233131898387431444642704394678e1
0.971548815400067084993136790199e1 0.700555250713971612058331147031e0
0.259235013464853628475763620831e1 0.400432189819363626226609023422e1
-0.333853269348998826307835788826e0 0.932535433158246647543309006444e-1
0.589027584676394863022874737168e1 -0.448693803139266258116690277285e0
-0.453630031058520403876641052241e-4 -0.233742156662073100929292706552e-2
-0.844554083429407327397474253687e-1 0.244283703059139604554177799613e-1

0.695655304974862943792610687811e1 -0.806982170553360707227318305818e0
0.541469283891657429899419892454e1 0.316128969972821333684316342526e1
-0.414760197333124962727340421776e1 -0.121961033851988298675975662165e1
0.732211505513315381134409472212e1 0.759153924525806328885722584162e0
0.528986122194005557979248752669e1 0.422243689933868103767730772523e1
-0.240987343706554926739504289251e1 0.147938493475310075152024964154e1
0.511519981982779496925995551732e1 -0.163578077272001511003054578003e1
-0.110676143370804586806617841985e1 -0.548024254788155120052655086408e0
0.309233088047338673338827992742e1 0.430884452188906556809787975946e1
0.854529665356524582956974933424e1 -0.276772379880277501501913662983e1
-0.153871373220866994741509767957e-3 0.996203147896659723024282578986e-4
-0.106196590938757690797913109412e0 -0.502442241005955345736152659097e-1

0.221255259080668895671686742877e2 0.179347716860085008087453771722e2
-0.144826283067078510903121070924e2 0.179478630874403116177792655234e2
-0.192408276032069760905673586504e1 -0.232441561400609894247111437943e1
0.706536917424240094275570800483e1 -0.466331119618655474143166943947e1
-0.111564885801835857229944070182e2 -0.151038920232574058681822255969e2
0.176863106981879164402043975992e2 -0.141029584445564028968150070833e2
0.216393917447897771039035994930e1 -0.172540482762710306252037286466e2
0.222113307616832891719678671018e2 0.758505462163310375739918283237e0
0.139827693745034700126685025220e2 0.151227390909774367560981291571e2
-0.112518577268783966839108630516e2 0.101070139507168257912118872362e2
-0.163601873511548925102500547812e-4 0.434185827906555876193952753437e-3
-0.129420456597457454183518153787e0 -0.897399279877816907463153353459e-1

0.211889775600879046578363934342e1 0.121648016513407207743668373503e1
-0.289733558542025819348229040473e1 0.179810743871900182021364195000e1
0.129064735498967962171434031363e2 0.118334303959814240550390659599e1
-0.739385810550523029645396860559e0 0.196375969692876562392758043604e1
0.889426423174446647526231087348e0 0.410552046242136824637528295121e1
0.150665465208527744715474295202e1 -0.347712073117085287288283122595e0
0.657370968681747892534866777660e0 0.233349871808262803314373435429e1
0.273461937915390762465563210777e1 -0.443864652646282286359552564734e0
0.164851950488507648289755317806e1 -0.253651476050660485289112055815e1
0.717173582496463588295363985471e1 -0.976933550436547329421823957545e0
0.846971259440155360580132504477e-4 0.208432339444027799902227074983e-3
-0.262632443212921931396436361240e-1 0.248651712739796618705064101256e-1

-0.727514347404969619101258466873e1 -0.688289881626964809194587104924e0
-0.348604763864250038394523834190e1 0.110754235556779720830398163073e2
-0.105171364933184981662239294033e1 0.214894913310107679981312637062e1
0.619114934364994413803793632046e1 0.925078797820430828825599157063e1
0.145085637324530516072297486917e2 -0.380572545488885949545890348955e0
-0.111282267927998219070909526004e1 -0.136347291390723319075733073795e2
0.675229936200077266424705280206e1 -0.960501638678742869343907829908e1
-0.876467210993572661339684304731e1 0.876140966522495382813982615609e0
0.569796797777535085399889572676e1 0.140516958131340706282110333225e2
0.175306081484247165694367053212e2 -0.506807443840784070906758814579e1
0.881889284980147369051625926913e-4 0.129785651136570042951685499365e-4
-0.378211207675985198715089993552e-1 0.103642021997867529887454539906e0

0.264615283374624036017088326249e3 0.216446294953272914266108545044e3
0.218349290131861570064568157911e3 -0.258509280168824258446155387675e3
0.144211195623880062169186705080e3 0.171574907993250693722830632484e3
0.173312720342553469216982521300e3 -0.138546804378433778576953151603e3
-0.135921627986783041632948438195e3 -0.288850807469489361106495017626e3
-0.290079182221213691444784259757e3 0.137071503683466668143910571282e3
-0.257330027930228089903855069170e3 -0.189873495820835710280161142169e2
-0.190965303009698746929426152695e2 0.264963842953203883004835529976e3
0.204282957783286053769532373410e2 0.919916369348653487970823731279e1
0.136241028785129635031413653655e2 -0.226804552742100932604458792227e2
0.771008678888978853222550808735e-5 -0.759715283176302730384632350911e-5
-0.985250355347935055349146463118e0 -0.557796168647647632523545153606e0

-0.264673093882874203406362334834e-1 0.179183059418147661291292408820e1
0.262742205856043551353676883856e1 0.249596737296849294066596679991e1
0.108185178060453369093877707276e2 0.212310490206120175177962985009e1
0.230889234925007348857548184725e0 0.399507679581849602272115320035e1
0.288048254185331368742222417457e1 -0.135876751355591764640572740236e1
-0.180063479119396097845005971472e1 -0.170674834166481261179903154609e1
0.882885908236145971997889597045e0 -0.110003146566927168580742215166e1
0.760872144816958957231617907680e1 -0.446252247374346463638948626191e0
0.150451861886113116473435566938e1 0.551677902063713612092546870162e1
-0.386739305831786318590375176782e0 -0.217454091434548050603075585330e1
0.114885265895236850847365493529e-3 -0.113266095939219768206032578042e-3
0.209175740911898886874584341366e-1 -0.112918911558739406037080884548e-1

0.355976764269577508753403029196e-1 0.236969186596968746525233769258e1
-0.353372316574803539175663464375e1 0.255387271924314750217321047933e0
0.107170436030736824182473513219e2 0.190431597648811561799728983523e1
-0.422969035712526246530688994416e0 0.185335586451308017233247679794e1
0.176819382818796735378688314651e1 0.515879460593353498612274353843e0
0.224119359383855228253347930894e1 -0.164099235730755443937257969131e1
0.222515930701818674661688037380e1 0.923989136857694262979815346807e0
0.522209934401372850362307056803e1 0.740236524731409161696552658515e0
0.340832436089264754830950265669e1 0.131096573724859702882025823265e1
0.430419852956171642835707207155e1 0.824156947382419973299913310208e0
0.151109385895221173976509817491e-2 -0.234535267217753669265259255777e-2
-0.154476368115477544138780864634e-1 0.104864311482524428065762717413e-1

0.125712275169020782966050788339e2 0.123647112909753361690497638841e2
-0.928981647407011755337275092312e1 0.808542881808515936186684324273e1
-0.335372176990908877707678929746e1 -0.102313135941562733548659617779e2
0.151117889002873874478009915856e2 -0.666116448423024704541712206963e1
0.614554231699605476658278958147e1 0.207039031179890124950554846715e2
-0.182597311466603793254688601064e2 0.193940084507466964185585592227e1
0.277294012258665697240110818425e2 -0.158809038148461391065907733607e2
0.208205392574428291917536051383e2 0.265650563006563773870284260970e2
-0.176880389164055722506397721806e2 -0.698982989712222899102716702574e1
0.111453502162505666114403809996e2 -0.199609017255770010156653166941e2
-0.338109093538838149063984688676e-3 0.494305273751084863546544835562e-3
-0.177609063862956636005935570233e0 -0.174573802083846047502383529658e0

-0.167414205012817570486842402940e1 0.428541030945909929899384496350e1
-0.211514266074225672487823411559e1 -0.247016795971784701763750434239e1
0.104817435982741842420851343943e2 0.244985255025489718594881069393e0
0.453100863721204186986390272783e1 0.491981501399997027489765418115e1
-0.142217516054189663775228174835e1 0.393062101165721320250655607824e1
-0.197297087299838614604883367951e1 -0.195851207776094611596787505534e1
0.104392605779230756399393851124e2 0.275634575228877471443503406722e0
0.449096685530137327076023838805e1 0.471682124019831158956425946594e1
0.152521874800820986722722478684e1 0.427824857194574642449903142878e0
0.304764515397387695400310223794e1 -0.161873877304250318463631963709e1
-0.481656852339569552875422764848e-2 -0.122633086537951079666527181360e-1
-0.105160876706152549074109371945e0 0.373820937247663708056753422428e-1

0.353251183720301285745495888228e1 0.216679667154054251926647529271e1
-0.353506812982091967874277959850e1 0.526302972463192527443383944522e1
0.147674973989511836303026245884e2 0.257769156570432157789337858937e1
-0.188121086187319625859626412829e1 0.247173794099777696701494843201e1
-0.227153130199557545459312922589e1 0.504033918124030856001329108862e1
-0.200968905183144704498621106839e1 -0.442186643832305985408860654606e1
-0.799610996586280258974474866593e0 0.480777927509467473888386184996e0
0.482312235049221124280001552019e1 -0.246717358044602894079976674681e1
0.313901545821625065608302121314e1 -0.484571625163508910076111588233e1
0.100166012321404855803444038729e2 0.129473583874070981954276773524e1
0.444369031449895800698893584651e-5 0.105477137734722952760036526243e-3
-0.528419613664928984104096855923e-1 0.606054326782369489964459646806e-2

0.908787726389606320788221288095e1 -0.134647592004037322052490103215e1
0.784784235441493702938494675538e1 0.181729855217910326673571288645e1
-0.203208001275019901027766556744e1 -0.150557161113082665640934764958e0
0.428399494411144747215691512331e1 -0.191422077919395754592269071417e1
-0.216921428351665897825374731245e1 0.900700329396185746254741864070e0
0.142940285645639101605707160590e1 -0.220421537891092525389256832060e1
0.448993418351956409336667440622e1 0.389389623473660513215318668261e1
0.526524881731078988342675305446e1 0.304194980181151407058845711321e1
0.526504927339595030651518974319e1 0.116058724853362230580495046679e1
-0.126469921163881291004394762471e1 0.291103346239458345998738579293e0
0.388464693638176640485127734320e-3 -0.702135529365175777893327279616e-3
-0.170348689565918490399055337689e0 0.597470919516989476329342409849e-2

0.178857687892767573002177973301e1 0.194730272910782884328975193176e1
0.798675559951109008325048881038e1 0.101109071305432993819333935236e1
-0.491728824398853948989480516740e1 0.158642656087498598788694298817e1
-0.744705941514180320946374945452e0 0.128824785322769254154749717880e1
0.213092806827410753124251615699e1 -0.355916095791356852490724843190e1
-0.457618346448829459617130002143e1 -0.236056729098165856510788998310e1
0.670332867372590940836362260477e1 0.745622419023882384926267171718e1
0.749816511033092352753103305962e1 -0.891189566867944642473090231083e-2
0.606486548572012405667942019767e1 -0.981438035286309574462937787200e0
0.508246412140929071914752788827e1 0.204542239050833130464750845366e1
0.189863134145059638799980364771e-3 0.502910169629513368427159484365e-4
-0.939207052996729567697579201422e-1 0.195210499869279237334897086881e-1

0.858066933962074679963029423883e1 -0.552907835418748521211315359225e1
0.123960121930454681860320958852e2 0.378960368902365683406747706657e1
-0.440953081643837608430527562221e1 -0.106125279583915266172348501920e1
0.562951714510334170110199919995e1 -0.478765053995155709743045087161e1
0.201461883884743208160834759797e1 0.727698807031860947977701813590e1
-0.564539049530214440772972206804e1 -0.164999997824416961664929021361e1
-0.279632421328794176590622047315e1 -0.188519442912900906464274314893e0
0.430787777978047085931149209046e1 -0.335460610539079533391496158145e1
0.968983168101504257669744002557e1 0.168972758087359289976074031369e1
0.208989014219371539245666843815e1 0.556302610276502419749220218425e1
-0.165902128988152753261652109694e-2 -0.528607041536532031553954753186e-3
-0.188117077231330071842010344471e0 -0.248303613491440722681776595252e-1

-0.232336755233001685977863446928e1 0.119306138156130057353995907500e1
-0.276045002616010864527085264676e1 0.201725850652651164124329481101e1
0.780183531905712933882491653589e1 0.903327795331224324019993251041e0
0.160037150222325156481272318291e1 0.268997838743427470020263416794e1
0.130309594347705788094579824177e1 0.403492747239227488502872349413e1
0.339447441220658903527135654164e1 -0.180355825039243205034098268750e1
0.734768509376243712155503784499e1 0.141398535905188424026584198732e1
0.363322729246346393567743466176e1 0.273360814690892370955779014722e1
0.395978081639939983380588130669e1 -0.108670823392528771739186479750e1
0.246931391220848149499899427128e1 -0.343759064413223126054799278907e1
0.330215404709739916798335146304e-3 0.162972228844484272161563967475e-3
-0.326319246049273913790343798167e-1 0.459446700437095394186478739424e-1

0.718859763151673781324259229625e1 -0.393116274227319122370983865104e1
-0.784105663118718744006786581079e1 -0.259575875337389569858734657161e1
0.126216157856089092629429201521e2 -0.479754600685035407836180346129e1
0.177520747017695802088888325893e1 -0.210626762093072271853890606973e1
-0.355325093330840562048514369821e1 0.698804807296135428702677459710e0
-0.165126824387207920640023723624e1 0.307379532590220102650199468948e1
-0.785080689487381989621241553866e0 0.686599276646313922567145381869e1
0.696240544693685728707285681887e1 0.824412119994536634257857915698e1
0.592897724483334727526019172616e1 0.645430828016902317747287941045e1
0.105359636766828032647289781439e2 -0.514194214797731662243487516430e1
0.776794422393873956252879247446e-4 0.116316338025555079234847070229e-4
-0.625341747797368450262251240787e-1 0.518071674781833319856367904018e-1

0.113747391610829945181400622941e2 0.845357141668869047488120502945e0
0.367988644545582528064160750163e1 0.246341758017624721717989405853e1
0.258807607484307297139197769730e0 0.557384118526047821550064098871e0
0.516061075847554195044060175463e1 0.301578008561225601201576613108e0
-0.125531421259713987028380741583e1 0.144295098307828989038617710684e1
0.424745705581101188165464151495e0 -0.125561426596968185134538707084e1
0.463611086506289275554451694844e1 0.886775040357262351157224114552e0
0.122419179009601585829854747735e1 0.146152898180524889761074308788e1
0.201121695115123946706573063765e1 0.157452337805030101678674625585e1
0.687926318615014347548412088410e1 -0.104341667063426143152264856121e1
0.465552084997487901519622479651e-4 0.136786155792494699587291308654e-3
-0.102169970477629728942640061613e0 -0.137736558615324021315287834536e-1

0.134112116026180172251210411533e1 0.853578407487294555817503352158e0
-0.177977179940252898340811629878e1 -0.152038311557186870423786402640e1
0.125424688442410480653189789404e2 0.343467215707502535833687247796e0
0.216311113494388745434905304425e0 0.134218976639415563107904309127e1
0.162156164738881214303441920743e1 0.305286340615930009110336867864e1
0.231220483809222607908253663074e1 -0.112898579882532443853849895123e1
0.192932119022904798782508608942e1 0.323513042363360932920108084948e1
0.314531929589139398115760802441e1 0.276968801779632706201382402441e1
0.621518207362377638636406605878e0 -0.286264640966102748032715153250e0
0.392715090162063712474156635038e1 0.392511692567569486415531929763e0
-0.463928896680352195563550951565e-4 0.115864249538222266359950009627e-3
-0.142177665418185930024109296543e-1 0.963779592014589880729238934002e-2

0.160606434719288635237825217542e2 0.442708704965433131075145072941e1
0.229812078984869615763400193815e0 0.980341319530658586148583235344e1
0.392292658749603631536858702198e0 0.133295191085682431616822469170e1
0.443921948272482620889609172406e1 -0.171364613589313097117447733429e1
-0.822729888861998555051242157911e1 0.237140696804382092601719837620e1
0.507253874520128185580713859062e-1 -0.112471443215702138356091202140e2
0.389417910293370846808350801235e1 0.588408600731348474022413054504e0
0.229030233404846275409784539083e1 0.360873402354657016357458116771e1
0.630538689096238752659452620254e1 -0.662565879075139699113534371842e1
0.117541071126403325965479579772e2 0.282491537942331739143172466153e1
0.142086168812022395739301402234e-3 0.683806357999294203712641617052e-4
-0.909801782506852138237277342200e-1 -0.490068463348725311548616638096e-1

0.148455065607174497644592030368e2 -0.289435233307921571996053277907e1
0.947311702952025470961367395589e1 0.795533152159181915182362154954e1
0.297690007873234624821737122888e1 0.849725052247289219270351481136e0
0.302252396973770450104347954423e1 0.106651049184948297718426560238e1
-0.308774014870082371081638900380e1 0.279020420743109780784733525872e1
-0.934218199942544753208694472435e0 -0.524420997884447411398640263292e1
0.101109663348739788462841425773e1 0.270296617678161254894893184026e0
0.425668414593310640748415208470e1 -0.533758414315516487703147185112e0
-0.115016544171704894257252082681e1 0.225149780861039656499565929837e1
0.198718163707751775664625289894e1 -0.235912317596391055052314140733e1
0.332676385354683409657835284112e-3 0.417935760839652725077011086266e-4
-0.140868841712562212646099625036e0 -0.196284828022348157269308655632e-1

0.105056586886339088741228269674e2 -0.162214962413784905166535640601e2
0.224428252033391626480980267100e2 0.784836225092852788913545176433e1
0.255054274072963164977482417816e1 0.688663404501490505576055817141e0
0.269281795555194912544762307577e1 0.103711003249610028034969394842e1
0.106904540477800661061451347039e2 0.233601834249640012258284903875e2
-0.204881086750109508200666173455e2 0.713964783609864497094922268860e1
0.455489521106182499718467165865e1 -0.152874661633998447483878981986e-2
0.210868600166526595417140709944e1 0.176341211650520261664200573371e1
-0.191538001111852212077864284026e2 -0.551857889094492501776855752966e1
0.104561151764220297502010791330e2 -0.219423528420701628106733260027e2
0.252184073919432477167015867427e-3 -0.297850127485197983995860222470e-4
-0.946710837575085819510059116465e-1 -0.323021402357057626526955090771e-1

0.173064013687934718004778807471e2 0.334328503494421907994411903376e1
-0.826965140082328586274359173217e0 0.123671428563682178229456093860e2
-0.686091081350586163397080495227e-1 0.134477086816388278369916452292e1
0.173663899653103677438007350765e1 -0.117792991448892713727308383615e1
-0.158355038749738804716301179281e2 0.418133503031532930164586273377e1
-0.216918553301876665916619372499e1 -0.189176436562852971470596371079e2
0.554739276119411436791425718771e1 0.651732506508651799021012045402e1
0.216144703364886437808004799225e1 0.349966760181577906858666958976e1
0.108790648274324283643281726417e2 -0.141441703979840580347523927423e2
0.180930434143918683080482939910e2 0.734134237670727182101889461211e1
-0.969328757304133495463235946959e-4 0.283811197556233296933752487711e-4
-0.892341889009940214441170404802e-1 0.275730392283186577417601954504e-1

0.519060970474990238353696726114e1 0.164897006699930068497966190600e2
-0.137090387631341485128035747610e2 0.114031176804280769776897375554e1
-0.120970794996408544445651966919e1 -0.108806930908496143092909841669e2
0.156961529091766809423204173595e2 -0.481711290567393457096338824745e1
0.109055911136097169067637592076e2 0.226729213797042842663092925528e1
0.875606417104248110258076804900e0 0.773468467408783211075701811965e1
0.224374625200292812261956728498e2 -0.214186567657285270919585675492e2
0.262074541549585285202004401161e2 0.208729862219442681501391793098e2
-0.102729825104652072542115875424e2 0.170821394649051268446541849467e2
-0.134257458806381469339227804654e2 -0.134105111091255418761532039368e2
0.102209625142819882351376838987e-2 0.135366184707207402533463219710e-2
-0.112766537242055115117522660950e0 -0.932512919977056963169800057228e-1

0.342974014347818161411752078591e-1 0.538012931730558737626025018099e0
0.228964095264736491594896028734e1 0.187783435074316963033416126466e0
0.111450083163103225791278326544e2 0.107459345435081931691970291060e1
0.583110229489898235593707954277e-1 0.285963890119646474159093982227e1
0.365020552781904576618564418495e1 0.220331910208871272496070856742e1
0.123016455186992409003675714558e1 0.372118335855786000680404509509e0
0.354749505023890269507766446446e0 0.326288484784478972818910029395e1
0.160894615111215364796741459900e1 -0.401122444297239655522900109380e0
0.984726872980059721369911507687e0 0.117247313002266283552645356543e0
0.294460662612785902077825408789e1 -0.124568340830847261563453293932e1
-0.355609799791598341120344637838e-3 -0.138664048132903278832169287409e-3
-0.826463236271222322202989328514e-2 0.157521751165484891701741378266e-2

0.152638067597982313761506550516e2 -0.127340818586705527534756546274e2
0.161384164552708300660131289979e2 0.107892429433772758868837905194e2
0.322011411168603658075159982544e0 -0.685928336393281839822606856552e0
0.189956552856756996388141460916e1 -0.185370452376210385340138109565e1
0.146604404983570152810832872134e1 0.218090820073040928532459762817e2
-0.199591399024303272540697213343e2 -0.201317042309152672197854030902e1
0.688325571887406525310358694976e1 0.383761246601294445012262976995e1
0.497334349067961560879343021444e1 0.654610174557159865382500856527e1
-0.126206918041019711069584081975e2 -0.120674065073325146816821531210e2
0.162683294614082841988509805075e2 -0.159199276304706678310195778396e2
-0.643001810366928157111743149753e-4 0.726212031271774926075720802424e-5
-0.865155227027336559390331714269e-1 0.436119278738754257256956460624e-1

0.763324839861050010174902051763e1 -0.498503492807050354884051851569e1
0.108537203307764714734409406377e2 0.452584203143281736695788643364e1
-0.311094852211156910358788187680e1 0.216463308205809716096732217931e1
0.355224960563422087369024158559e0 -0.279115324358152159707315910554e1
0.757061281376132425390632791581e1 0.262164323845901779964218308007e1
-0.916105740539456342660252622042e0 0.155328246297332090562894746093e1
-0.433412787804470502329052729176e1 0.364770114974601075495677237568e1
-0.582186102898834473802800006641e0 -0.437596346081394973634037065245e1
0.399190520896966758166616369615e1 -0.329753613341284936057445939945e0
0.742624821359318441596984932225e1 -0.679665680477577867668536384059e-1
-0.444292780121791678980308461760e-4 0.901505682288646005845510440625e-3
-0.193671715324578002175351660201e0 -0.215488144255420927158807633223e-1

0.709278624212831502032791384920e1 -0.130752749398999056423294791411e1
0.806960465953335187322674878059e1 0.353499884276179283862104244586e0
-0.411078593759522647481182321322e1 -0.967386263280049746727133824325e0
0.658664686436515438584612428905e1 -0.221622721245929997193585401740e1
-0.179902921485540472722657453446e0 0.375146533781112691144258917246e1
-0.260571588480627585928598037178e1 -0.274419465096865027540847211820e1
0.697521447081691350571669494414e1 0.323717651513073110838208054395e1
0.334658534575739455834495931136e1 0.563667255253825069026420068792e1
0.524911595898671164917415875676e1 0.868885797760845664848874417071e-1
0.250578742356644521626386332660e1 0.184021121249535912568481984380e0
0.345215932368816229568990733561e-4 -0.143235143439481264515848480730e-3
-0.133123801731362960036024769836e0 -0.124226928867977294241912132271e-1

0.1233577938831968776276293765749064723307e4 0.7592734483792353952003846976082581989551e3
0.7613107883872198356744599639875827828952e3 -0.1230684812709927529464718150123803353304e4
0.1195273985300409318236997993933604518202e4 0.1223116349074323024603363133791069586041e4
0.1225283220135759935846068570889239181091e4 -0.1192391552812542927755693201786221698388e4
-0.8279862265004545454154345923544250734243e2 -0.1899153863541515784623650910923482015462e4
-0.1899971299549162066510180790993908690016e4 0.8366092318214897370780542048347225374587e2
-0.2448143231150902683715697370466629770822e4 -0.7262760295844007236821941811451511847998e3
-0.7263158882464901552301197243287721820665e3 0.2454859484384008670102553613804046675569e4
0.5366835791076624516779116475688720728719e3 0.8745503992156722592096355268953128948945e3
0.8778315196119805868096907269948127058940e3 -0.5322109699550390198556071764213014825905e3
0.8463339407661952738817401787637131391461e-5 -0.1252726232289891059425634885975462158101e-4
0.5678569977207025876214771191634036186094e0 0.4423550408022165377620575931214143759703e1

0.128667387136247317725930153411e2 0.278961022508771922689595268685e1
0.127670594235422811107054951568e1 -0.102070394504759964405934076811e0
0.392999477013764967067812040955e1 0.320185218769631546293653663606e1
0.772888200162912050884026424216e1 0.468915398311257320923627161309e0
-0.213672616225897571760887641931e1 0.385925873365222967797045157092e1
0.432345491124529261719465023529e1 0.343333417153850331969864001263e1
0.643574971713357934547291223369e1 -0.268580803827176578116622039836e1
-0.208142821175523861851927232284e1 0.211284092787330959127300023770e1
-0.159625493881452661407548222919e1 -0.336511147012472256817441346361e0
0.544112391278204247498429635366e1 -0.441816473966596044145316259129e1
-0.132841239202081791922086393016e-3 0.251122358930836008950543602151e-4
-0.819459109291901511218550626966e-1 -0.269544491768026150171658007334e-1

0.519666794186316093283850766165e1 -0.156313909688641325184108965809e1
0.106033782641972588596645938073e2 0.131089234051117578529540425583e1
-0.478265947263557787473947124144e1 -0.220930612801780656422577730008e0
0.518755079793204143640394382429e1 -0.116229167515972459980295663674e1
0.298970623518664248245816193613e1 0.351527727082470256561658512628e1
-0.269268846070030066175225627790e1 -0.121915586642443290868259197411e1
0.529354040370660748423821751432e1 0.395259817278417379736693227420e1
0.146253547507310998043765343342e1 0.249733354727294146621514415995e1
0.460412086765069484283556744434e1 -0.769913643125173830890540584814e0
0.288090109343946930256649319433e1 -0.391848355833607989592778530764e0
-0.797272350121176778521734284709e-4 -0.369028824801407842459115309125e-3
-0.147929397634718063927192939701e0 -0.904604128102628920949658185482e-2

0.976349627708406882179174801046e1 0.162206384710237300530435461580e1
0.292926413838990220150499532824e1 -0.269294976307881927911055157432e1
0.783929655943394699158786042703e0 0.252026670275570351363271526359e1
0.946361156334480902363872505397e1 -0.145863027298933401317488360340e1
-0.287085620939733364713740046968e1 0.342033129464032646182379555664e1
0.390033524605174091950084196850e1 0.224519361286448199198140581558e1
0.550360866432379226775018804386e1 -0.242206875453210631355641159585e1
-0.100437029788134779329907068454e1 0.163099072233966989942821362637e1
0.572459958702777024836552961958e1 0.176942203002604164554637257272e1
0.175721819629357616768693120715e1 0.115095077482835493026559818821e1
0.220194633116351843071165298355e-3 0.141718043087193741979396006449e-3
-0.894659112627984161102783432685e-1 0.214189032062094846851419724336e-1

0.802172365990951330507118660216e0 0.682794768290690413631137932970e1
-0.538286930148237059477459905625e1 -0.611045097942607978523323589502e-1
0.133396339033644604397959855053e2 0.137104371751680075792406661276e1
0.269708651047363684783231208027e1 0.840623431871564733726809584816e1
-0.243676922100096191052040102596e1 -0.233722942272688596567585887205e1
0.520011069344086259929288242786e1 -0.503469845013588161179146514025e1
0.132075931713568938337625374001e2 0.112282056945112148855723885431e1
0.322382922865508577421244856451e1 0.804598139392356244634952614646e1
-0.447144478628241306272077677476e1 0.291947585563302854085122818381e1
0.162659625223173599635807570374e1 -0.660742719879952811732653524873e1
-0.184067601972794727033894702050e-2 -0.115710359263862594541878567547e-2
-0.933820601653292079176799145225e-1 0.212965014261729339797053281722e-1

