50                                               

0.349224312648080792106278510935e0 -0.151870356661881862585054684133e1
-0.603417685990396549476105082145e0 -0.617982097930539971247125323695e0
0.109910368394732597123570171498e2 0.164726220352733421823290624294e1
0.124644408320722351085707710150e1 0.108246926563304809080559239763e1
0.557585240818724613881358761438e1 0.164340553355105389744916149249e1
0.306947513930938928763337715744e1 0.198188021614414059447314354521e1
0.124241271667940312564108283121e1 0.338960753166444187237899305504e1
0.251359275709435188917158083890e1 0.535797156595596217426773564314e0
0.119504900149158847893516388338e1 0.256420629369494159371419794889e1
0.274056433767015210214282463026e1 -0.768962359193323981731595521480e0
0.264642472152042175238235044989e1 -0.172577799581895295637343863728e1
0.603334136870927975967056396639e1 -0.213202181248920950017279027894e0
0.261411404018279155538609467863e-2 0.222317206685762655253927474435e-2

-0.220837602867808439573092340835e1 -0.162548069117482785436511480455e2
0.153496404827388226806434316309e2 -0.285936078716370554505161165579e1
0.165163889794864083810653183029e2 0.844413767892365749836871854976e1
0.417956326932399887682628578654e1 -0.490557130633722691433422510313e1
0.815864172538767703545229665697e1 0.830870404436999028355002541780e0
-0.256170150108517257585391699810e1 0.576906344571555418814211651037e1
-0.741822224092971917687206537188e1 0.114676196802023486073093512582e2
-0.101108783407004830892751907603e2 -0.132260408224530677508083146982e2
-0.302858015873211902082290749252e1 0.446552348686729252920748420089e1
0.798301316580690784249395990631e1 0.128838200433201532005070627099e2
0.998014772346583717821194608576e1 -0.295334433868201911960909753051e1
0.160362923915926265178792267861e0 0.433808942691829282162072672403e1
-0.909286434614371336033252753357e-3 -0.912330808530956473916242397958e-4

-0.339019335587098172535521164159e0 0.186779373165928852929801312232e1
0.192123344352997382735008547425e1 0.128795543944085968409044730886e1
0.618642792632164690050853841713e1 0.254949402051930525243800819130e1
0.556192471401856279048640040820e0 0.944105067990416500113084405053e-1
0.285510865798732253054783703752e1 -0.157062012245313546372422247466e1
0.530304183473128279774426712586e1 0.215468990573866047644340578988e1
0.295447737731980591937011025673e1 -0.102821584412755430363008748900e1
-0.181641101526245966651803483244e1 -0.298834462764813581859143747319e1
0.572513542933950124776595204185e1 0.340976173323649371938079632614e1
0.367418037686351461431874603628e1 0.498636913363978532698076340794e1
0.461786994461882157461072570807e1 0.771786481165602265075804361057e0
0.536176288873583214821448481041e1 -0.353508035797021131903440417813e1
0.830404188662401428587644604032e-3 0.281462185074378960135482196164e-2

0.906536909636176532177441221170e1 -0.315332773689777317433848214613e1
0.125622309743968515019097379409e2 -0.436140401994731033921315383200e1
-0.288826914128803859223885533240e1 0.164883797674411706461211942735e2
-0.111351515733997004863153907411e2 -0.136901746435568552880676860097e2
-0.120571532576974862580735831270e2 -0.536790181481413737417946947153e1
0.577388369103185891236036683655e1 0.179246658163265480787165290699e2
-0.247182436675180404821891652559e1 0.441648825042895122760500558322e1
0.142186235064586601892416569028e2 -0.525682632702841928867100595936e1
0.202761832915823107429290481042e2 0.797164049233290753563808333356e1
0.231516307094199235064332382360e1 0.213962542147591538759810890207e2
0.100756943777932528335673724893e2 -0.143552789584911188606809520438e2
-0.873474966942966246714549876114e1 -0.140125150405531170376397530590e2
-0.224698787128163655687072730610e-3 0.126405106483293751248827274245e-3

0.387196152806573966865490432048e0 0.295893063367819492337123629092e0
-0.102803020222535144726673309960e0 -0.229227805570973744186054425010e1
0.497683827899576015179820879220e1 0.246242366616572611649000020375e0
0.322375528924090915774305278302e1 0.478131935918431560998255034927e0
0.439705618008536749939335649728e1 0.398071376949932978276044633370e0
0.655791598544919290945674266474e1 0.137385084309987570581209666990e1
0.291036101523307835507660384938e1 0.261251709667930312113784964668e1
-0.357684003330936041196347240110e0 -0.170196454731239228513780142976e0
0.501273724187610209142644780169e1 0.267928186831591923319705136402e1
0.244084864432321247512960608799e1 0.527919617028132606816892646679e1
0.431581113100311793531165831797e1 -0.232005771929547436021935718089e0
0.323796710454015664348626769035e1 -0.266870443885865666402241562245e1
0.877643409721709613689391363114e-2 0.437439618311041989786349562963e-2

0.590220797929918044190e0 0.299219884793878838328e1
0.234774328678850601089e1 -0.209976783594974521869e-1
0.115776404102543909683e2 0.204995770828697911536e1
-0.447013283513135186776e0 0.124868404760212565899e1
0.348524217547424750062e1 -0.488055135294031487876e1
0.888091256890732179668e1 -0.305627877062945290960e0
0.101141988996614041042e1 0.623348054882782980231e0
0.293515416953632956090e0 -0.917444939276113444456e-1
-0.238688723333154759144e0 0.222872614178758267009e1
0.226781669993950402001e1 -0.142505866454401554637e1
0.557416544970845783584e1 0.298632060004418172883e1
0.165702531092417040207e1 0.259474466629194397459e1
0.308318705504695318512e-2 -0.524207238797585758200e-3

0.286599869788288827291e1 -0.904459669879771751449e0
-0.105817867300524338676e1 -0.200382501678434710971e1
0.592035878752588524141e1 0.202492178512517525591e1
0.164518801110626034900e1 0.771937218133365492506e0
0.303033320289482353957e1 -0.104345755793017108421e1
0.594449958436931403302e1 0.188933338862949948668e1
0.294293193193495784192e0 0.233022349612239040536e1
0.124441279974011374874e1 -0.238985644251757321403e0
0.577904026467716097886e1 0.295296099511173751264e1
0.265061005241164367348e1 0.436759940105563137201e1
0.410997585382574618252e1 0.639810951450639661968e0
0.457346822537791158122e1 -0.278605934678239191985e1
0.821546071442315783432e-3 -0.414926900515788226394e-2

0.679738538659775670809111259934e1 0.284324955061894455317683890364e0
0.223021918067005250959025212301e1 0.433123001155108548645000463571e1
0.589878488600684351231964138322e1 0.160751482203350156506044972350e1
0.150046496933668615961679283329e1 0.264505574700863361832363824190e1
0.107811845662592104679377385241e0 0.499974408004726758684704785604e1
-0.117861189459322454195493618360e1 -0.398889458871731254384160059483e1
0.396251283185130555728990064904e1 0.305881262046233568396984058907e1
0.123516907040081280197766841368e1 -0.506049130334325233026648756416e0
0.589546090613592202457801477787e1 0.156579086516207633106734456914e1
0.142442816451556716388479807381e1 0.267487094863018473296280858640e1
-0.661955856254419907136707824605e0 -0.551618734276707562140140583294e1
0.978833050967010590691210102012e1 -0.315621298813826606068402286565e1
-0.226102583091822382037722015729e0 -0.178287390153746670736693685790e0

0.391379830299581099935155618088e1 -0.672304199265950844233170807906e1
0.743073812776322253986289621947e1 0.105410207647858276110072398545e1
0.392844014852799683537898289929e1 0.355659815673096288813276233700e1
0.240709777142666056153398731084e1 0.388276566034091338799773395484e1
0.789821342574952279091702210073e1 -0.190800107714545230770941344160e0
0.178440531310574268460313176515e1 0.246449294171941560694847725815e1
-0.412608970242384519144681752719e1 0.286313871532200949059813829630e1
-0.471461843274274676409919377386e0 -0.725527755562654425843592069234e1
0.754614490461568790775409011127e1 0.420046738247001396867229911419e1
0.475435329646655799286267164086e1 0.107203508607977807572719560419e1
0.283949292053482665821979012654e1 0.229363784585106732565086550186e1
-0.905132665487909102182395808274e0 0.781881791007854426642305914338e0
-0.185087939950387828625689253413e-2 0.446726885897565445721865693117e-2

-0.160141236214461555398678147802e1 0.342649888779669895576269136140e1
0.354856270283264261596427877376e1 0.651939052380706581173878004449e0
0.109677347674744206401520277180e2 -0.236935875399484115292859394996e0
0.131603216793313491108829677073e1 0.535061035157841608897378806527e0
0.930872796626411542364430143792e1 0.393822852728487860751147566069e1
0.332848563071100024468821110036e0 0.512965475929031429434604316470e1
0.110976750419936427065453380581e1 0.165036043562192596119912140684e0
-0.289531090526332601744376126670e1 -0.170808208119523468643924777238e0
-0.838731967701514156799849044896e0 0.417292113734287158286649522706e1
0.178510021455359704372483685995e1 -0.398288831105258448591526141678e1
0.305391409190822937640388703403e1 -0.546574872058715762732372864907e1
0.109127672568728514224414839691e2 -0.162958327656754529819157465211e0
-0.122460385998996075670723578894e-2 -0.567462253420315442855892019626e-3

0.212382858204653023277288041465e0 0.161869872470236298897062611030e1
-0.763094823775336943614980534481e0 -0.102172623223044363753822661818e1
0.110060560567953982495733722130e2 0.137234310129429947504200555779e1
0.322404847493412444926477602997e0 0.424111472412515072832484862122e0
0.476108291365886648059781903204e1 -0.110044498276726159315740799622e1
0.648384208992368486299480265170e1 0.334726960596345069690470521228e0
0.218196023266171786680971026502e1 0.275133971145393729394201494437e0
0.221931014207746419649723485957e1 -0.115987516135097702803412629886e1
0.203672225476433236905705411287e1 0.359235326555451140673780326666e1
0.365390774213548569867009697923e1 0.448118145845247632102445351846e1
0.180179568391503201071728019816e1 0.241915920070693992866597609378e0
0.308363000214528974060645350463e1 -0.105841849787991579817333129571e1
-0.951857453719514573283323702152e-3 0.286645608055384528396146199915e-4

0.106970851063117709933726249654e2 0.450862004510330685760165665609e1
0.139067971468174950825390061632e1 0.540121188012179053556804610487e1
0.325893102360076282136750263446e1 0.516155013019897830511263571214e0
-0.188935064718185339773003313043e1 0.827951031723434260696386864989e1
-0.295551950320073146499037357435e1 -0.137548422467053868364968329538e2
0.190281421453514772170647871059e2 -0.838059836788796657031091612401e1
0.646128147237434132552004143509e1 0.174401985128482051587252114970e1
0.670727188621181733813226378500e1 0.452242844467905759986402635243e1
0.105321453185789213542528616537e2 -0.266872615429812091136440097015e1
-0.513880368322695253285482407717e-1 0.163878735479723879908586350868e0
-0.599392341766506503046589459169e1 0.156547734915954825442561260567e2
-0.101853550622309211399448977293e2 -0.798643100962694805264623343170e1
-0.126730369871994258438224784312e-2 -0.682951192895531533131431634525e-3

0.380688704552626207533612546562e1 -0.206814083929864282283613408906e1
0.354581189348290775634146142755e1 0.274262847770947700657888507315e1
0.109524733857331086143483948108e2 0.344356756723990748351841242646e1
-0.144307087483014612939841297619e1 0.222757488326104766700342375045e1
0.426461251300995850783500392028e1 -0.121396952208309260045749997198e1
0.655424401598326095149225395871e1 -0.113884873913454249397547324271e1
0.245250642458559865784519545126e1 0.491928052865492388933957625959e1
-0.188584253308763367855129021999e1 -0.124659971595391776176947908866e1
-0.261376802534226592796624884108e0 0.802143459738770669287753897536e0
0.364651894350854448271559228104e1 -0.135094832012643526678847438654e1
0.784897433679298736975908320485e0 0.117118805748133381385194405608e0
0.458233855494306661711102093408e1 0.766193414244370849436376864396e0
-0.205272178461278794233160070942e-2 -0.737755256609286485989577962948e-3

0.514582069487902757079458729184e0 0.176964291342673065131929424477e1
-0.124824721368473086104934301584e1 -0.133323399545684807067788545918e1
0.642377086526379697944994949133e1 0.243334693121422200809027229893e1
0.191944398656620763403070992158e1 0.255512933924898698651414148198e1
0.383677344058385753889382831016e1 -0.107372541383624237884581153501e1
0.680873504229974340071367865750e1 -0.488820362275447556507922257550e0
0.181114800318114003883390721660e1 -0.763153986146240258699097576888e-1
0.259557245331171855214688553295e1 -0.924102426570412105686782661556e0
0.647908098264204478770182292736e1 0.248781241827974429333383286946e1
0.206754031478233983287453676918e1 0.250569961415782615416022355161e1
0.293464463884125789813402758140e1 0.459238549530169451759676545853e0
0.285695541672472144159991604845e1 -0.314672169104105408266735108669e0
0.543466289164367374704569995964e-1 -0.695271262623435042274120298834e-1

0.201882943246754825548088394465e1 -0.141730881495292469992574702607e1
0.396914437317458795091913525012e1 0.831290118215172839169158076197e0
0.110861124052894810081119731422e2 0.243636812652827185585600793607e1
-0.515991356109588285729085036215e0 0.101420924575997850096764993453e1
0.268294284957334519074457659947e1 -0.228788642688775145122841414702e0
0.317506668605428205783531359982e1 0.872392900896984386128936399996e0
0.390807888330810724839975862085e1 0.253648620113820303486898037081e1
0.161496795462862787009831334840e1 0.254618007121375638028415202057e0
0.874384455575460160251905245972e0 0.116610411031427294300694092700e1
0.352796160100557205447036044980e1 -0.155545583498137845854041363549e0
0.142965197378605813668556854712e1 0.150713901966095201128177347000e1
0.322885074124651835219298286019e1 -0.816964688495373518292099291620e0
0.160058402446836109020937710691e-1 0.297790022556099900414810101793e-1

0.388076681703130334138151861906e1 -0.259176016321298408558756261438e0
0.223056994672764426087577235564e1 0.536661616008093242730079642048e0
0.397025461717511780971696078179e1 0.555269878963785837165750898187e0
0.300949947171274499853781883718e1 -0.344010386872870761737299350165e0
0.562517123607944285888224126260e1 -0.460820597095365789317007324646e0
0.273744912920648265466941428076e1 0.162485613923698984786302316432e0
0.332706762958724736780856388236e1 0.186104064197987903002070022750e1
0.230148917481365270860875196712e1 -0.206116849157535325377943010732e1
0.476791450388720928463643980708e1 0.282721274749008439598479603951e1
0.291440694439033151267830842672e1 0.536022053042553497741464720210e1
0.428825196239679337682294696802e0 0.147647334498291493430923831525e1
0.180658533314914386485680628185e1 -0.165418888190910318945210096457e1
0.119161239742132370005573081715e-1 0.457269626151820989940316033506e-2

0.578145412900912332791512214498e1 0.200848271735929767774896769247e1
0.180674929403305526323278508203e1 -0.429254165642316308433097981400e1
0.571246281304965676253114377201e1 -0.341647965406567485063620826654e1
0.636410241560791798885991602498e1 0.397793723530029875889379738466e0
0.310813291802534662759980447463e1 -0.130755834555395562977496166784e1
0.577920329733760352768497451158e0 -0.561655635302590682033592933238e0
-0.923081648640728632985047629934e0 0.403490316251617580139694388155e1
0.438754697154441521795987273793e1 0.895556303653880076689523575300e0
0.824726459917343681836094279131e1 0.358174549379893278477280233914e1
0.675800628924203594174628333717e0 0.733680289567253792984186946905e1
0.737671893831650958121597120725e-1 0.109890662594522421700838211842e1
0.118788036015664758238167111752e1 -0.177595563113069411566000013394e1
0.137307988441256142808813795169e-2 -0.462188443460463417552465855408e-2

0.765399485894651378639646400414e0 0.127692995081047477754039626756e1
-0.262468186102703900082276632423e0 -0.109539609689218376670716790045e1
0.108038644369470430236337703339e2 0.174065412148213430407373742227e1
0.357328637841153736650192240565e-1 0.437326102964133445093896334171e0
0.339079755910895522134203678897e1 -0.120296249183406579431181908898e1
0.442320326633734396879670267440e1 0.240998360704386550135943429106e1
0.190607665017849805781495672990e1 0.432477140372381963418181536129e0
0.159575449656897225786241568824e1 -0.908956443462659249958580947554e0
0.272260480475386880288392980191e1 0.131488073836625223347157387011e1
0.459167652792909628497777592337e1 0.107499848530192380062396947674e1
0.241125706311698351589195052277e1 0.243802054080282251567271286405e1
0.461610103148317601490832554594e1 0.820443450449202696277538130738e-1
-0.108222013664543273781958874767e-1 -0.491712638055205474643657451729e-3

0.437846464833363144581286419958e0 0.588121652880427995541749639626e0
-0.216643526818791584045463871836e0 -0.146398121694009138536930224537e1
0.652801732434345394643025580450e1 0.253919787773071210760125771861e1
0.202904028658404578359993847694e1 0.244073441387816389898910876305e1
0.585323136372965677557886860829e1 -0.237605028418018617492225124318e1
0.678609279323826053613992958957e1 0.586602365933214134077041373639e0
0.264552893180008829487248417000e1 0.124761206810247027144269578479e1
0.119949968437062133991759021870e1 -0.304731079756497021020514490625e0
0.648599473978107799445088949834e1 0.256180905368722729359469226318e1
0.201910724199378881985730225403e1 0.251270627803116245933744245049e1
0.493811755123598440328154747071e-1 0.143930963177934850690689963072e1
0.318290352063207510464699246397e1 -0.177133076114595208590991887366e1
-0.323107120074168340150784638428e-1 -0.181396425279615348863483832811e-1

0.335967540047390672924742814031e1 -0.451805704522746112365109364633e1
0.983056212629072891895679919198e0 -0.261807273285651613281480798010e0
0.105344867572113361741811103069e2 0.620688390987369465079414833657e1
-0.708289192914411051607535645631e1 0.119041752475448144135622558951e1
-0.237923115979160904666573840398e1 0.310398898378727891202070223140e1
0.105268040286570730097719392348e2 0.732809543783768752121466698738e1
0.483218655989204536231715391948e1 -0.196157414443644084223843848202e1
0.493260417492428745572585583666e0 0.444377970121625857988657429492e1
-0.462203718772429398731074789094e1 -0.839506559321697355771535368834e0
0.380566516240140699766505105433e1 -0.319980869979031705809580412043e1
0.102749196299386147674141073953e2 0.400826485532462575757157504488e1
0.627410610796412887091390204837e1 -0.750067669073245887110020801148e1
0.137306398974137689916297602251e-3 0.138974513164808604380997627097e-2

0.379709407693812507872730494561e1 -0.424652757622330765570766890369e1
-0.356632337133997830308135054970e1 -0.387468877893536589588015017265e1
0.126796920193848477545455890545e2 0.274355748661858544444996312219e1
0.150533483627139907660073318630e1 0.483209958281628986260727085398e1
0.417167767381462452103560777590e1 0.327413714928210400718955869044e1
0.618956002400374031435363136575e1 -0.271053870703156843400231318742e0
-0.278255087742669512442362757973e1 0.200231226765797014401173545286e1
0.119693589054881339059230529012e1 0.463911269585775682442933967243e1
0.188970935022258276879365935348e1 -0.162766236020200945200815229413e1
0.815781784955960009028750837373e1 -0.533253306065276332729283308572e0
0.224437775706651500111534643754e1 0.385418303286665751210527762739e1
0.151667477095642543104233356582e1 -0.279221632297024761428679233806e1
-0.163225737810321807786982732078e-2 0.945761729780378898495782254384e-3

-0.351062179466603310610114137798e0 0.570342640564500645246431600982e0
0.412750028406080960356234511570e-2 -0.158628332712992246908755773608e1
0.114914956246720747487933048059e2 0.124889270555484960032163456821e1
0.777272021550425472354214473752e0 0.483865709638190248003272919318e0
0.366386779845468233806640900857e1 0.405041107003517341961784426536e0
0.405695930515224253258255796359e1 0.363047617402506635636295886723e-1
0.347337790314717385672977869093e1 0.874739878377603568275846212476e0
0.150777993614307762427011520373e1 0.322937454384997252139935828100e0
0.170745665814007532824488214138e1 0.374190335172953383952094153151e1
0.336857384052751002482128286534e1 0.408717256910765583937415776889e1
0.201486419505259703859305485847e1 -0.840919683230004995422178172869e0
0.528528739634268353625994435759e1 -0.134399716774117153398019212563e1
-0.105674839365214525782137296057e-2 0.170499215451772122424126096783e-2

0.276046751610918478451527450839e0 -0.460273708157237811528806065302e0
-0.166090737330933313111914588914e0 0.476922090150689325135851993392e0
0.143305677737474933576432350121e2 0.186676165880864175512655646542e1
0.501827913707050119328288707787e0 0.737442938679760142628271348828e1
0.656917804799715904371188252371e1 -0.167565984700086629401209839673e1
0.571685239454749012049565469114e1 -0.431556113740039286674032792912e1
0.170261125606426101656659783494e1 -0.373781701098810268149779766564e1
0.499309960423482219617277284072e1 -0.607514225020914344423128655758e0
-0.101653517172412759077764951605e1 0.706572139068845785147796096714e1
-0.290009578242956135781789129155e1 -0.200135193376283000176229201538e1
0.138131342304295693598382264594e0 0.294126751664910718017122290865e1
0.685440660727113223489986288809e1 0.107307581923584646113372812157e1
0.119987192703674010217199852091e-2 0.119417350421630157376839512215e-2

0.112751289119693809132031432287e1 -0.644273261088866908011051700176e0
-0.880811730139009023183037046420e0 -0.112822648546336189387687415352e1
0.105427221832312201381950715904e2 0.218287110561765661059658322599e1
0.143015050684384630937099796404e1 0.160773348029438616550850228437e1
0.547360084583845400214663950689e1 -0.121463001289544773841539031410e1
0.605812137110898888271777812735e1 -0.774971435065055177053873140335e0
0.186906034239286783799666326645e1 0.312549505413811703168772731098e1
0.242531601906565685937803349750e1 -0.997355605073398000076697280626e0
0.251563147113215571429280613900e1 0.270466726736215743205516924924e1
0.214545112920880474005147510714e1 0.278781781857755271519177032268e1
0.471472266208364216767887870252e0 -0.154130153133616428234397911480e0
0.382177270391171223201144713618e1 0.505002226729876190112769789129e0
-0.357991016748067849433120403490e-3 0.143195740645366369504584588091e-2

-0.283287727651486530199872409409e1 0.382838399013692497405404183324e1
-0.217346384860783722530121918773e1 -0.381305045658003897464197990117e1
0.117827095080387917790079563411e2 0.107549650239580585353108082488e0
0.631348692107300479274436121556e0 -0.526974216934028135059227070851e0
0.589677859948319758833519552526e1 -0.680776662941713065952115079697e0
0.313739952336005882620828029566e1 0.313075747969612289155339964491e1
0.194502958941210710904502791098e1 -0.408229734290288444102326717286e1
0.648420051646292293582209147347e1 -0.141320128120062287024941606630e1
0.272839598473281754156702480228e1 0.509081727698954965525789275459e1
0.475598668441635415254823435668e1 0.296291546425293749766440060529e1
0.247996359484795128475040482045e1 0.173632308847854229228176755677e1
0.216452843226120083202639245408e1 0.165955301076562959023623478303e1
-0.291415048277043950450151786577e-2 0.245197958820370142697236112391e-4

-0.614114020210630678346430198214e0 0.127783283472013649288609373851e1
-0.490339748788611995096451468150e0 -0.161112767076293593055078555435e1
0.114710949673195309074841426356e2 0.169757746288330954435750988761e1
0.336990073502824404026931821728e-1 0.497509172148317565862399200603e0
0.383842244739314985307490675170e1 -0.226063985881252867534387699998e1
0.720351992951680646508375367621e1 0.233403989344425917720745541744e0
0.340551916183617612537539521873e1 -0.102976992185641998514580557314e0
0.244298587305867588590295917429e1 0.908970342238787187511691614271e-1
0.169303356416773906709295067162e1 0.312075871904831566764320467067e1
0.389602535492152042295502970471e1 0.404668152841713086261854655647e1
0.220604387949403472505821674037e1 0.226744783434640897004080591303e1
0.191410958394132678073483217519e1 -0.125736405337081713399502234144e1
-0.501319192789026112054511645417e-3 -0.580324606840751113448633796994e-3

0.194202030169854656011424144257e0 0.895908069528921974914295211681e0
-0.147692466008020294039093569761e0 -0.173163008487794663314201455155e1
0.110405388377616113172202537792e2 0.161728514122523711024733762010e1
-0.955500294548137115463813671048e0 0.607534466755152497837250875613e-1
0.156957208098289413329513967200e1 -0.103069556062669925227040796330e1
0.518567631834498991664111445469e1 0.356232548186677168231571519771e1
0.402072528191451312794627665975e1 0.264690965747010773992791869582e0
0.156341736466182028189239662980e1 0.131640603199112229829323617958e1
0.160952524588923702301798202981e1 0.111883651111110871283253831332e1
0.396803817182583507431045325379e1 0.694469793985709336965465930264e0
0.356543652328188974170388666003e1 0.313397487301442068079168119390e1
0.538606090572351213618997363929e1 -0.190232466964117193409855202305e1
-0.275025038124273094727785601493e-2 0.140274294908239248209532852529e-2

0.102143375313177811104833869495e2 0.202365288554958230349961220287e1
-0.237966545833469995874060838375e0 0.867643267697872600875006220772e1
0.152756511998418450072624572678e1 -0.323272179661780174193030833409e1
0.597786702995932404177259601847e1 -0.212484291410290436763018373883e1
0.574859196924691314055040380391e1 -0.363694009550220465910187600607e1
0.285419487600299190079330918487e1 -0.270909427113503590889901973731e1
-0.320477131850533775945354331749e1 0.731812402434097284108158337539e1
-0.509455247085073190725904917595e1 -0.663135336054047589153912632425e1
0.454767232658143175055741936641e1 0.128062518212013884386196149781e1
0.376603490211107899624010696961e1 0.687587980946692288434502500787e1
0.316660437137502725653039608318e1 0.224725980010931241304620570805e1
0.773442220861080696395516260995e1 -0.208702194066723272464973756432e1
-0.794759808633660581600176501916e-3 0.120107651626435690339054205446e-2

0.162102324795055672403074597568e1 -0.755047224632286237446137915784e0
0.157349333507583696803410758873e1 0.164035209966413123708121831455e0
0.109799001956161923781766349552e2 0.195904112846587322753819432398e1
-0.217824184547853365357766967815e0 0.114225518469411267187397742542e0
0.272314215770346494043648558216e1 -0.112974199121462501896181419534e1
0.562108127090554404495607755630e1 0.119617466307547236788557417109e1
0.146761357354181137999808612323e1 0.243025543675965110425346186034e1
-0.295305362401227815619388502159e0 -0.236237404901760977011407656982e1
0.195622172521286084054959315045e1 0.288071150429223922574897512121e1
0.397726192412507567922917479585e1 0.482526363638375496361298845695e1
0.325209909997511373671403618928e1 0.614781146329147698788899853930e0
0.434129301684262448864052884087e1 -0.193732497887744195196558140451e1
0.915104807282332993921923429274e-3 0.186658729667765296325801544405e-3

-0.130230151210605363055068425525e2 0.352164123193934859834660551388e1
-0.357121342236573266299870297715e1 -0.142553161420516536226637181782e2
0.932375295268733140113277934422e1 0.715264343286661756746795382310e1
0.688192518024445621052773827408e1 0.230998327734421922626766436121e1
0.100701246523198684586118127439e2 -0.557356890254344699277495904399e0
0.109731485332260501725944290015e0 0.837087519301355845579994709203e1
0.623178941953175711155629663989e1 -0.129734700774169735416328210314e2
0.162019916902346340115221393318e2 0.431543429437995269296147328079e1
0.922257995513995742943709382862e1 0.153696344179300600315373553701e1
-0.209422251691405695140637460343e1 -0.112271766532574463638522926331e1
0.174768141381621903183166021803e0 0.731957886107234607225365999571e1
-0.252821241653156111069954825591e1 0.238174104263966788434189077769e1
0.739786602832516742799945254422e-3 0.353352165258882438128183365381e-3

0.855946191164101448167043602842e1 0.169573178700510283852476312451e1
0.274891730785112981190799317608e1 0.649510182797153232554548101722e1
0.118883967675671835225216259650e2 -0.184915137717608418989957951541e1
-0.104067854173709470057267327657e1 0.105648996391260190372989500252e1
-0.620580929711765011666820414759e1 0.691759243509852459658315901254e1
-0.214076688988974405019601198665e1 -0.987033811432598362702616034745e1
0.595968993092274261283150639376e1 0.599987338295996073231238292169e1
-0.135070596844841013047846624886e1 -0.713337118479351334839094581916e0
0.606384734463002669584584526904e-1 0.478938654807822763916435036251e1
0.103466512434646412650287901396e1 0.695805459054285843295860821597e1
0.173762221354040923244048285505e1 -0.115534327759657316164593775607e2
0.157485689678776549426050267917e2 -0.192597114962165770051026446670e1
0.788681172774668361621671247006e-3 -0.486624880273222000443549601864e-3

0.448117629598608562189173517961e0 -0.361305628706810488574580942535e0
0.518460504402253739899978244686e0 -0.195254717668457281759230162757e1
0.643313782522514913411043683993e1 0.301139375299327704030877995932e1
0.214159155851128890285961868870e1 0.268869549618840974019990706261e1
0.145094239480123364521422322469e1 0.254646884974815884484695492806e0
0.386712635804640377697330636302e1 -0.247346643908179452027475956219e1
0.384239798444331195190272509860e1 0.270422715910187503333020625358e1
-0.603700358172726029448263006127e0 0.133544308761930784611008761328e1
0.660160558309229073967038705469e1 0.289744529446390927952964895851e1
0.212736387791045901015196896252e1 0.212424298962564690086984201173e1
0.322379858283940596678750348809e1 -0.250640746282706674909112616418e1
0.694915805930232059936660760654e1 0.277632042333002850867832420310e0
-0.158809130464798169917896870395e-1 -0.299680539865125193892757646873e-1

0.439466432883278459174e1 0.275682068029726718523e1
0.101485153929257327699e1 -0.348128566775932636601e1
0.942959366365038847350e0 0.349616425408824413063e1
-0.684781956950442055707e-1 -0.204286357584215925434e1
0.497037159159087678102e1 -0.744568824714371476844e1
0.114104489941543197854e2 0.121577152797000987653e1
0.860204018170674798455e0 -0.114708239399675536235e1
-0.169743115059242125672e1 -0.210775608189129603121e1
0.372763807980243919507e1 0.302951332616789850249e1
0.503446041199699014998e1 0.425619084550904659041e1
0.710416261523818578713e1 0.531027238058706031265e1
-0.693851599156417750153e0 0.415994295201372518526e1
-0.522344187402065878942e-3 -0.229609549362187996272e-2

0.580982717649065673253182488538e1 0.201084015879214562882094956876e1
0.159525063366169120024045146278e1 0.318046950085299377536320363706e1
0.989297220268794270152471096809e1 0.141334128386726802926972738021e1
-0.246560247621158542706945597653e1 -0.133939863231334454556282755379e1
0.349190501070847712025552801770e1 -0.686840884535526587479266126171e1
0.115616769080001446364701371965e2 0.216016012950426870635149274262e0
0.454174406200606096886454439813e1 0.374405603918076218423156876804e1
0.113736098892156706350538568807e1 -0.766738088741099950228331299237e-1
0.103959681686255491383035057188e1 0.109833083529761486830064887954e1
0.351790779866441795463417091564e1 0.632404416028149767723560444541e1
-0.277604526875569243742582585009e1 0.460184052821747516375980799202e1
-0.346593853036235428139752535954e0 -0.630445723289746378333128360495e1
-0.106199651832300911755556078282e-2 0.228505208140285723869872136233e-2

-0.130989228234589300581953967515e2 -0.339730625019284388768589207300e0
0.369070501477124864721899562864e0 0.114235268284680932841346001709e2
0.219357606842556110865610741725e2 0.491657851240241795681375916546e1
-0.774625978980123678495669354840e0 0.100423195695930439132351011109e2
0.302846199467549527095780611177e1 0.576742073673263692976044308766e1
0.721756236027309418911232061196e1 -0.863413987954851851670719962173e1
0.988339630553969286422713983389e1 -0.740532718433348267354264298533e1
-0.105282890882253378356012915398e2 -0.901549596842882367468139856803e1
-0.106513187066791060543994813406e1 -0.722261561994544473790014984471e1
0.173126118563747987991991935614e2 -0.123406301004775485982119735728e1
0.131643570965604144244010876535e1 0.102836741801631569143131572500e2
0.140367034908044366069723457827e1 -0.582147540036040147212346840447e0
0.290562902467554339025745012892e-3 0.253350083120484768561420835776e-3

0.432293534781671616837007793685e1 0.933261906930725665535480328885e0
0.849647764049160495413030946142e0 -0.330222382028963194935788956958e1
0.280854809011981370002588922139e1 0.252642036416840547492593373609e1
0.187713890415952348435697068733e1 -0.155163103099593578643634652828e1
0.752434191339856659856695044553e1 0.832022788427247802787265820129e0
0.344394338192352145511940700552e1 0.393613046489494055010505880692e1
0.110939968457934626160422774316e1 0.731558716362683334595500325069e-1
-0.148927989978337426220025559461e1 -0.318652773745728672004960167811e0
0.444683538380766312372973653581e1 0.379693605548866274250428761765e1
0.318276498348376034908330147651e1 0.508976346612115468429917567219e1
0.178793958027789414754845458647e1 -0.216179698665131001905726779342e1
0.713578486616740847823386858425e1 -0.185338630598479882667370762971e1
-0.225308034528267685194930960357e-2 0.371416886192219736729664200642e-2

-0.322249073939607278084845695220e1 0.218641518629723488897617780805e2
-0.227789166014580872574946260653e2 -0.393031979177631070442784983101e1
0.163334646728070687781245502660e1 -0.583415575211700254123000381879e1
0.146549643724273433111925330520e1 -0.315241858109158906585778289806e1
0.109805831007465019632374931474e2 0.477667792005685743713305456254e-1
0.144524596506720198065205721544e2 -0.675848605683955291302122965252e1
0.260833290607743219783716305043e2 -0.717854811386363953612214482685e1
0.830852584460997078983221800070e1 0.208658232053448323346152982909e2
-0.412380948104278000873188151114e1 -0.723224211997710316509924384471e1
0.736366188070811056121883582136e1 -0.865148587536586069044972891133e1
-0.935095840836267803105136074955e1 0.433302734378482777876183975703e1
0.618877278822525176924469157682e1 0.362688709972848103943003199646e1
0.411670633860327780807141130166e-3 0.390109445303425481669569672457e-3

0.590573639253075561837711556429e0 0.648066846636546247319587497169e0
-0.519995514584142933566254996614e0 -0.107425706802181507258007484522e1
0.453937923058512319802169399077e1 0.118544564339567822006395016830e1
0.339358733691970098664650261666e1 0.868173002395649656761938105015e0
0.652504561235654905839623711734e1 0.743511319505706141586012433578e0
0.653429007958756840777377719057e1 -0.530238093372586332685647333219e0
0.267838990010812772940113588254e1 0.722878517031792762783109699653e0
0.148299456443802764052981277960e1 -0.265147188027814924118975671261e0
0.411924095973373432599501224165e1 0.316883516590268953093243151440e1
0.288327878197536943993250778012e1 0.464607725276684006092400699729e1
0.354737065796339012630437350363e1 -0.468737492472412902434462870546e0
0.122584475166347645873271942582e1 -0.164460790574027338787636247889e1
-0.144949689022556145859310778057e-1 0.395565953009907482054904042476e-1

0.402924685724957227963197862516e1 -0.115932839504581351412885393972e1
0.244513053478185130041213758445e1 0.208010406115936863390181906844e1
0.103360864444368912422293367795e2 0.297010595019100638121994077316e1
-0.159765913470611788100615855830e1 0.371191314936530932540999510041e0
0.138733921479563797837539322726e1 -0.872641387714725316140436309706e0
0.540520336854533016249198940099e1 0.261888391283020995007970502023e1
0.130798094236778625906760040491e1 0.305897198453150570433329683210e1
-0.524260901571841970454731337295e0 -0.190317980650096161025600999025e1
0.111996963113092874127459783334e1 -0.337359274913831553886195906402e-1
0.408909500284415355352299432841e1 0.504168716078167259353075545055e0
0.381937691001918349938844643038e1 0.203662777552940990091910331701e1
0.518249113010662483501524078007e1 -0.167116819850331516518148203903e1
0.319251704579839386443248110767e-2 -0.671889483183743702190299680532e-3

0.197575650658221795000296139279e1 -0.777337047944388714504317496772e0
0.111189739376342840513879152387e1 -0.341489805887862353510704415349e0
0.662328142808755031910003968523e1 0.239754949534233169641448777527e1
0.203800206735819640487101190125e1 0.241403917657580489844024718629e1
0.330569428062791237939574146295e1 -0.737394764558712659452384816891e0
0.475796609536829708429414638533e1 0.600621902713471373222045742190e0
0.996455098587976134753003421158e0 0.255940056505251350803519222603e1
0.146394825289263337852649005651e0 -0.196884671064603629977266821488e1
0.641264656455335269482007177647e1 0.235052820658004941766001272495e1
0.180905298354578524527788022229e1 0.265163268177571477144899709437e1
0.268616612156099052183987773505e1 0.207253545528206752141755665983e0
0.513668663467502952265869041954e1 -0.135595724453109238964721353451e1
0.102047198155722302864842058018e-1 -0.340081114952043358176515677461e-1

0.415226459155877378044422592947e1 0.100068296612898469235758545356e1
0.441735111935018861976063016251e1 0.110526329890982822309965748898e1
0.304309720386460185100257986324e1 0.215963936864931996969389330964e1
0.351711151304841616619373728757e1 -0.194729106122028866376027644279e1
0.940741842845292448116490001753e1 -0.534212548160159660735001691968e1
-0.183726458874242487291558739786e0 -0.380440732350605847986351793738e1
0.523872021706331589323381153489e1 0.383864977825380046519405015610e1
0.403212118320785318358107896974e1 -0.166930046991772189967363032185e1
0.472480162036569768165053879940e1 0.547436450148241275069139678722e1
0.143599284295656290635154389839e1 0.301480873167058584885701733074e1
-0.456630206130531368763226919749e1 -0.113121113291292127032281486587e1
0.178114980031122161155115176314e1 0.530092682406365497149178182581e1
0.536983458140660381279975197311e-2 0.119277970952244147593893565688e-2

0.457099028721719123895812970283e0 0.216878587593594487674794694294e1
0.206045835595704172199867681244e1 0.525320582797015239251701315893e-1
0.108537074554850806007499095494e2 0.180039546114607547116194011043e1
0.602491726422845207820698728032e0 0.178084942391349892095725306033e1
0.543955964365678106445201299315e1 -0.191152465726949474964061224221e1
0.587789149062975149260357642186e1 -0.101618666575922593780383480355e1
0.285077249329876917039034332993e1 0.549389609995276293408526577548e0
-0.385885408042808871972951231866e0 -0.216513561535988674286033991032e1
0.206690636588102088071975354513e1 0.292715885230825217854248358387e1
0.269049101470989024792841539133e1 0.228679023389255419148069079501e1
0.331955012956629159224715357253e0 0.465794857883945929746040247528e0
0.415455282032328020143409372402e1 0.106115056503335804408379817074e1
-0.643501257998648837638604623816e-3 -0.152071671694971907789529390089e-2

-0.115836576067435090412787164472e1 -0.116264374360778768864151747437e1
-0.241855941741529923980926991905e1 0.930430495879850728069702092769e0
0.114563826447294071587582755211e2 0.327462580022174230270554117202e1
0.814096144783886497360448407516e-2 0.317987498016082920358310738497e0
0.526346080491270491768363208320e1 -0.615598859745391654949273606465e1
0.112093136109084536223374727925e2 0.961057242606652254301842556137e0
0.754509416516604733737956106469e0 0.431975342972541032123611446208e1
0.474482795315291387469161211755e1 -0.389877062849849602284743258464e0
-0.101174917919159041678386871414e1 0.957727856956243656053428274767e0
0.260817390330995563470583399782e1 -0.308977997807520995715993037594e1
0.669576207370722451109767352644e1 0.476652525415830795802891207398e1
-0.115189701140386275681421006524e1 0.327018180442247365657385601746e1
-0.951563017537151226663798823185e-3 -0.492229477642042361135765355336e-4

0.567380391672472074406e1 0.203083733282312911160e1
-0.203298705888810124975e1 0.479774021258401543993e1
0.231639626740581827018e1 -0.181278361255718886398e1
0.323973611576641978968e1 0.429390747897515954437e0
0.687311121127172806877e1 0.426229998368113959222e1
0.106690994050227664662e2 -0.212921165887805190491e1
-0.207396076781374323443e1 0.452757982190264322842e1
-0.153207792544765096293e0 -0.440526227973892726486e1
0.323011232779392890458e1 0.176799703869165983567e1
0.479933394663019574633e1 0.717339779322923804059e1
0.598053704461754724857e1 -0.477593056454138290175e1
-0.152197461598651565592e1 -0.386605481509379026481e1
0.125815309723322758433e-2 -0.106808324793671481988e-2

0.641586345284637417258418196377e-1 -0.494094426505311014046700374348e1
-0.272743312792304213970861220957e1 0.159440069128071796567931113592e0
-0.490190797625159323580744815285e0 0.292446626991036963017212655287e1
0.321874760475709152575188554245e1 -0.463749749484468889795306949384e1
0.105533001290740928980284694857e2 0.598619907795478780524139929071e1
-0.518269914945007316446001145565e0 0.626019069387928507735718033854e1
0.615210167986740963289781712908e1 0.417872564815785946439499025796e1
0.211558032656185088574140669242e1 -0.718942712191484948794494009169e1
0.252467364948203054563861420613e1 0.476575067841859578066365448550e1
0.123352128847778301958468013996e1 0.596886322351951091085722635081e1
0.319595670467316250474446000635e1 -0.691419740938850254049084470813e1
0.116778538230713240244725864319e2 0.143843063023267060109730042293e1
-0.645044987397355431384489857467e-3 -0.660077071643572015652989522576e-3

0.334540053907650615911872609152e1 0.209353081575082598807267955663e1
-0.735640206775798269922483242687e0 0.156909342999889065944100302468e0
0.351552363698955507988952724226e1 0.145037991032591394066207127321e1
0.144953758357131339737683931342e1 -0.109373664235882270664796650303e1
0.362339955166420204962694205914e1 -0.106693005037798349114855654551e1
0.622099469829695367649183104292e1 0.253766977148239532718349303244e0
0.334686596719355292863820977165e1 0.142800129766474631105721234783e1
0.715776943105622009489230846426e0 -0.193607023339244296602491557864e1
0.498698702276322682270521548491e1 0.214491106345739921636681288523e1
0.350501103833954749785158692867e1 0.553886750220656239598197723892e1
0.318182328231295695956109783603e1 -0.498930368209019646084996076480e-1
0.384431994346236168839207411934e1 -0.919736946603425321961112784463e0
-0.166455206482342835426978790767e-1 0.633913571815415891053297193396e-1

-0.492479937120213958371668573509e1 0.889184115662438774188349053351e1
0.665817923950583754774131004099e1 0.636056936805821027915707804918e1
0.383138072671152227006492787116e1 -0.931387796452744789003381929901e1
0.989931183281389818563887062139e1 -0.346989919499950901511449240679e1
0.523270407675952779562258429214e1 -0.112800208977467805023447273044e1
-0.443025403631169697309928517458e1 -0.687717902093379068847320386989e0
0.108935479521250095299770522296e2 0.372345151442775768794481302962e1
0.326126175120160867712153113317e1 -0.122117813568312764965815711669e2
0.120119179158370984028148183428e2 0.311593534377819523470976185160e1
0.382163313565811939840703379927e0 0.142603576054721126444269236542e2
-0.504475130023101841489926248125e1 0.710652039471785276009388233975e0
-0.770662100775459377584761060574e0 -0.225152851960615834371027137307e1
0.930664844739826234539160908673e-4 0.577305919083342240840105334790e-3

0.221749193220247034410e1 -0.590397700677025393640e0
-0.134844351564152148046e1 -0.213631632297755973593e0
0.234301872378696572131e1 0.143642658762816581293e1
0.188581593294188320684e1 -0.158094517791258654040e1
0.648365108812245148021e1 -0.328853973967946331108e1
0.824273880962577449195e1 0.170763079006785823571e1
0.351674765608737244379e1 0.239013427576113486215e1
0.268284334847257919013e1 -0.347301533363778326549e1
0.424160737063012442411e1 0.252266901167327304688e1
0.369679389158771844822e1 0.541044730436885109833e1
0.319748322917061558583e1 0.352970756529391498308e1
-0.159748466986433856909e0 0.149514049411416445856e0
0.250571982627194104568e-2 0.188059169525850408412e-2

-0.394878124046303183848666783982e1 -0.242162223324123279457419654229e1
0.283007720725822200710832913099e1 -0.566563819727294213860625333576e1
0.118297784147805351479873934925e2 -0.221746905527790797315927828601e1
0.541653637198152529002966116404e1 0.577100144200596202092883663565e1
0.662493588788057177443428326579e1 -0.588635036569311604748726031029e0
0.536744866949357701005277723113e1 -0.169487307242307110669966505947e1
0.373980683519829050176312923463e1 0.524120220252169862784448883673e1
-0.334905164211497249044777862960e1 -0.551292103199709501989503846670e0
0.397533150120458052941901608813e1 0.590717110177925402963916482364e1
-0.179003828849009496526599442649e1 0.391570912605934430215871963951e1
-0.221071398600946115610129114306e0 0.793530207874997147969277019384e-1
0.652502768187174314861349086521e1 0.225092804830416424194337517063e0
-0.121642671688892415841089793343e-2 -0.327575599294388901483916480602e-3

0.449782799598872058088156110265e0 -0.730645294422852909002096932116e-1
0.203743787253983366616039551974e1 0.573087852955143877258526439405e0
0.113868531332963218362792291028e2 0.214116762457644006000626605143e1
-0.887945690974435484308669155772e-1 0.188952854346003083946480971359e1
0.438346529428115644204566363816e1 -0.146513386857453132443956223569e1
0.651858811011542691706013675469e1 -0.239304472847498053037103385727e0
0.310930254045612823059876385066e1 0.254081072341876420434677279418e1
0.144585732862876118303706424647e1 0.126856053345348032351850683854e0
0.661708962837929103047669426998e0 0.269848153202528114071910306447e1
0.173054769597901043237827573572e1 -0.250527984177240881052496800291e-1
0.200888726952959233006379026396e1 0.157738517996331210361478135393e0
0.335636356183441134984148548590e1 -0.325115178495300607983330940297e0
-0.609626726690853515377186994401e-2 -0.177445994092219881066267546460e-2

